  DUST 1 ext
   1.94526   1.94526   1.94526   1.94526   1.94526   1.94526   1.94526   1.94526
   1.94526   1.94526   1.94526   1.94526   1.94526   1.94526   1.94526   1.94526
   1.94526   1.94526   1.94526   1.94526   1.94526   1.94526   1.94526   1.94526
   1.94526   1.94526   1.94526   1.94526   1.94526   1.94526   1.94526   1.94526
   1.94526   1.94526   1.94526   1.94526
   2.03330   2.03330   2.03330   2.03330   2.03330   2.03330   2.03330   2.03330
   2.03330   2.03330   2.03330   2.03330   2.03330   2.03330   2.03330   2.03330
   2.03330   2.03330   2.03330   2.03330   2.03330   2.03330   2.03330   2.03330
   2.03330   2.03330   2.03330   2.03330   2.03330   2.03330   2.03330   2.03330
   2.03330   2.03330   2.03330   2.03330
   2.01985   2.01985   2.01985   2.01985   2.01985   2.01985   2.01985   2.01985
   2.01985   2.01985   2.01985   2.01985   2.01985   2.01985   2.01985   2.01985
   2.01985   2.01985   2.01985   2.01985   2.01985   2.01985   2.01985   2.01985
   2.01985   2.01985   2.01985   2.01985   2.01985   2.01985   2.01985   2.01985
   2.01985   2.01985   2.01985   2.01985
   2.01649   2.01649   2.01649   2.01649   2.01649   2.01649   2.01649   2.01649
   2.01649   2.01649   2.01649   2.01649   2.01649   2.01649   2.01649   2.01649
   2.01649   2.01649   2.01649   2.01649   2.01649   2.01649   2.01649   2.01649
   2.01649   2.01649   2.01649   2.01649   2.01649   2.01649   2.01649   2.01649
   2.01649   2.01649   2.01649   2.01649
   1.98512   1.98512   1.98512   1.98512   1.98512   1.98512   1.98512   1.98512
   1.98512   1.98512   1.98512   1.98512   1.98512   1.98512   1.98512   1.98512
   1.98512   1.98512   1.98512   1.98512   1.98512   1.98512   1.98512   1.98512
   1.98512   1.98512   1.98512   1.98512   1.98512   1.98512   1.98512   1.98512
   1.98512   1.98512   1.98512   1.98512
   0.69298   0.69298   0.69298   0.69298   0.69298   0.69298   0.69298   0.69298
   0.69298   0.69298   0.69298   0.69298   0.69298   0.69298   0.69298   0.69298
   0.69298   0.69298   0.69298   0.69298   0.69298   0.69298   0.69298   0.69298
   0.69298   0.69298   0.69298   0.69298   0.69298   0.69298   0.69298   0.69298
   0.69298   0.69298   0.69298   0.69298
   0.03731   0.03731   0.03731   0.03731   0.03731   0.03731   0.03731   0.03731
   0.03731   0.03731   0.03731   0.03731   0.03731   0.03731   0.03731   0.03731
   0.03731   0.03731   0.03731   0.03731   0.03731   0.03731   0.03731   0.03731
   0.03731   0.03731   0.03731   0.03731   0.03731   0.03731   0.03731   0.03731
   0.03731   0.03731   0.03731   0.03731
  DUST 1 sca
   1.72335   1.72335   1.72335   1.72335   1.72335   1.72335   1.72335   1.72335
   1.72335   1.72335   1.72335   1.72335   1.72335   1.72335   1.72335   1.72335
   1.72335   1.72335   1.72335   1.72335   1.72335   1.72335   1.72335   1.72335
   1.72335   1.72335   1.72335   1.72335   1.72335   1.72335   1.72335   1.72335
   1.72335   1.72335   1.72335   1.72335
   1.90441   1.90441   1.90441   1.90441   1.90441   1.90441   1.90441   1.90441
   1.90441   1.90441   1.90441   1.90441   1.90441   1.90441   1.90441   1.90441
   1.90441   1.90441   1.90441   1.90441   1.90441   1.90441   1.90441   1.90441
   1.90441   1.90441   1.90441   1.90441   1.90441   1.90441   1.90441   1.90441
   1.90441   1.90441   1.90441   1.90441
   1.93668   1.93668   1.93668   1.93668   1.93668   1.93668   1.93668   1.93668
   1.93668   1.93668   1.93668   1.93668   1.93668   1.93668   1.93668   1.93668
   1.93668   1.93668   1.93668   1.93668   1.93668   1.93668   1.93668   1.93668
   1.93668   1.93668   1.93668   1.93668   1.93668   1.93668   1.93668   1.93668
   1.93668   1.93668   1.93668   1.93668
   1.94363   1.94363   1.94363   1.94363   1.94363   1.94363   1.94363   1.94363
   1.94363   1.94363   1.94363   1.94363   1.94363   1.94363   1.94363   1.94363
   1.94363   1.94363   1.94363   1.94363   1.94363   1.94363   1.94363   1.94363
   1.94363   1.94363   1.94363   1.94363   1.94363   1.94363   1.94363   1.94363
   1.94363   1.94363   1.94363   1.94363
   1.93648   1.93648   1.93648   1.93648   1.93648   1.93648   1.93648   1.93648
   1.93648   1.93648   1.93648   1.93648   1.93648   1.93648   1.93648   1.93648
   1.93648   1.93648   1.93648   1.93648   1.93648   1.93648   1.93648   1.93648
   1.93648   1.93648   1.93648   1.93648   1.93648   1.93648   1.93648   1.93648
   1.93648   1.93648   1.93648   1.93648
   0.67112   0.67112   0.67112   0.67112   0.67112   0.67112   0.67112   0.67112
   0.67112   0.67112   0.67112   0.67112   0.67112   0.67112   0.67112   0.67112
   0.67112   0.67112   0.67112   0.67112   0.67112   0.67112   0.67112   0.67112
   0.67112   0.67112   0.67112   0.67112   0.67112   0.67112   0.67112   0.67112
   0.67112   0.67112   0.67112   0.67112
   0.00316   0.00316   0.00316   0.00316   0.00316   0.00316   0.00316   0.00316
   0.00316   0.00316   0.00316   0.00316   0.00316   0.00316   0.00316   0.00316
   0.00316   0.00316   0.00316   0.00316   0.00316   0.00316   0.00316   0.00316
   0.00316   0.00316   0.00316   0.00316   0.00316   0.00316   0.00316   0.00316
   0.00316   0.00316   0.00316   0.00316
  DUST 1 asy
   0.76866   0.76866   0.76866   0.76866   0.76866   0.76866   0.76866   0.76866
   0.76866   0.76866   0.76866   0.76866   0.76866   0.76866   0.76866   0.76866
   0.76866   0.76866   0.76866   0.76866   0.76866   0.76866   0.76866   0.76866
   0.76866   0.76866   0.76866   0.76866   0.76866   0.76866   0.76866   0.76866
   0.76866   0.76866   0.76866   0.76866
   0.73430   0.73430   0.73430   0.73430   0.73430   0.73430   0.73430   0.73430
   0.73430   0.73430   0.73430   0.73430   0.73430   0.73430   0.73430   0.73430
   0.73430   0.73430   0.73430   0.73430   0.73430   0.73430   0.73430   0.73430
   0.73430   0.73430   0.73430   0.73430   0.73430   0.73430   0.73430   0.73430
   0.73430   0.73430   0.73430   0.73430
   0.71490   0.71490   0.71490   0.71490   0.71490   0.71490   0.71490   0.71490
   0.71490   0.71490   0.71490   0.71490   0.71490   0.71490   0.71490   0.71490
   0.71490   0.71490   0.71490   0.71490   0.71490   0.71490   0.71490   0.71490
   0.71490   0.71490   0.71490   0.71490   0.71490   0.71490   0.71490   0.71490
   0.71490   0.71490   0.71490   0.71490
   0.71088   0.71088   0.71088   0.71088   0.71088   0.71088   0.71088   0.71088
   0.71088   0.71088   0.71088   0.71088   0.71088   0.71088   0.71088   0.71088
   0.71088   0.71088   0.71088   0.71088   0.71088   0.71088   0.71088   0.71088
   0.71088   0.71088   0.71088   0.71088   0.71088   0.71088   0.71088   0.71088
   0.71088   0.71088   0.71088   0.71088
   0.70663   0.70663   0.70663   0.70663   0.70663   0.70663   0.70663   0.70663
   0.70663   0.70663   0.70663   0.70663   0.70663   0.70663   0.70663   0.70663
   0.70663   0.70663   0.70663   0.70663   0.70663   0.70663   0.70663   0.70663
   0.70663   0.70663   0.70663   0.70663   0.70663   0.70663   0.70663   0.70663
   0.70663   0.70663   0.70663   0.70663
   0.66104   0.66104   0.66104   0.66104   0.66104   0.66104   0.66104   0.66104
   0.66104   0.66104   0.66104   0.66104   0.66104   0.66104   0.66104   0.66104
   0.66104   0.66104   0.66104   0.66104   0.66104   0.66104   0.66104   0.66104
   0.66104   0.66104   0.66104   0.66104   0.66104   0.66104   0.66104   0.66104
   0.66104   0.66104   0.66104   0.66104
   0.03627   0.03627   0.03627   0.03627   0.03627   0.03627   0.03627   0.03627
   0.03627   0.03627   0.03627   0.03627   0.03627   0.03627   0.03627   0.03627
   0.03627   0.03627   0.03627   0.03627   0.03627   0.03627   0.03627   0.03627
   0.03627   0.03627   0.03627   0.03627   0.03627   0.03627   0.03627   0.03627
   0.03627   0.03627   0.03627   0.03627
  DUST 1 ssa
   0.88592   0.88592   0.88592   0.88592   0.88592   0.88592   0.88592   0.88592
   0.88592   0.88592   0.88592   0.88592   0.88592   0.88592   0.88592   0.88592
   0.88592   0.88592   0.88592   0.88592   0.88592   0.88592   0.88592   0.88592
   0.88592   0.88592   0.88592   0.88592   0.88592   0.88592   0.88592   0.88592
   0.88592   0.88592   0.88592   0.88592
   0.93707   0.93707   0.93707   0.93707   0.93707   0.93707   0.93707   0.93707
   0.93707   0.93707   0.93707   0.93707   0.93707   0.93707   0.93707   0.93707
   0.93707   0.93707   0.93707   0.93707   0.93707   0.93707   0.93707   0.93707
   0.93707   0.93707   0.93707   0.93707   0.93707   0.93707   0.93707   0.93707
   0.93707   0.93707   0.93707   0.93707
   0.95953   0.95953   0.95953   0.95953   0.95953   0.95953   0.95953   0.95953
   0.95953   0.95953   0.95953   0.95953   0.95953   0.95953   0.95953   0.95953
   0.95953   0.95953   0.95953   0.95953   0.95953   0.95953   0.95953   0.95953
   0.95953   0.95953   0.95953   0.95953   0.95953   0.95953   0.95953   0.95953
   0.95953   0.95953   0.95953   0.95953
   0.96387   0.96387   0.96387   0.96387   0.96387   0.96387   0.96387   0.96387
   0.96387   0.96387   0.96387   0.96387   0.96387   0.96387   0.96387   0.96387
   0.96387   0.96387   0.96387   0.96387   0.96387   0.96387   0.96387   0.96387
   0.96387   0.96387   0.96387   0.96387   0.96387   0.96387   0.96387   0.96387
   0.96387   0.96387   0.96387   0.96387
   0.97558   0.97558   0.97558   0.97558   0.97558   0.97558   0.97558   0.97558
   0.97558   0.97558   0.97558   0.97558   0.97558   0.97558   0.97558   0.97558
   0.97558   0.97558   0.97558   0.97558   0.97558   0.97558   0.97558   0.97558
   0.97558   0.97558   0.97558   0.97558   0.97558   0.97558   0.97558   0.97558
   0.97558   0.97558   0.97558   0.97558
   0.96845   0.96845   0.96845   0.96845   0.96845   0.96845   0.96845   0.96845
   0.96845   0.96845   0.96845   0.96845   0.96845   0.96845   0.96845   0.96845
   0.96845   0.96845   0.96845   0.96845   0.96845   0.96845   0.96845   0.96845
   0.96845   0.96845   0.96845   0.96845   0.96845   0.96845   0.96845   0.96845
   0.96845   0.96845   0.96845   0.96845
   0.08471   0.08471   0.08471   0.08471   0.08471   0.08471   0.08471   0.08471
   0.08471   0.08471   0.08471   0.08471   0.08471   0.08471   0.08471   0.08471
   0.08471   0.08471   0.08471   0.08471   0.08471   0.08471   0.08471   0.08471
   0.08471   0.08471   0.08471   0.08471   0.08471   0.08471   0.08471   0.08471
   0.08471   0.08471   0.08471   0.08471
  DUST 2 ext
   0.58966   0.58966   0.58966   0.58966   0.58966   0.58966   0.58966   0.58966
   0.58966   0.58966   0.58966   0.58966   0.58966   0.58966   0.58966   0.58966
   0.58966   0.58966   0.58966   0.58966   0.58966   0.58966   0.58966   0.58966
   0.58966   0.58966   0.58966   0.58966   0.58966   0.58966   0.58966   0.58966
   0.58966   0.58966   0.58966   0.58966
   0.62557   0.62557   0.62557   0.62557   0.62557   0.62557   0.62557   0.62557
   0.62557   0.62557   0.62557   0.62557   0.62557   0.62557   0.62557   0.62557
   0.62557   0.62557   0.62557   0.62557   0.62557   0.62557   0.62557   0.62557
   0.62557   0.62557   0.62557   0.62557   0.62557   0.62557   0.62557   0.62557
   0.62557   0.62557   0.62557   0.62557
   0.64042   0.64042   0.64042   0.64042   0.64042   0.64042   0.64042   0.64042
   0.64042   0.64042   0.64042   0.64042   0.64042   0.64042   0.64042   0.64042
   0.64042   0.64042   0.64042   0.64042   0.64042   0.64042   0.64042   0.64042
   0.64042   0.64042   0.64042   0.64042   0.64042   0.64042   0.64042   0.64042
   0.64042   0.64042   0.64042   0.64042
   0.64447   0.64447   0.64447   0.64447   0.64447   0.64447   0.64447   0.64447
   0.64447   0.64447   0.64447   0.64447   0.64447   0.64447   0.64447   0.64447
   0.64447   0.64447   0.64447   0.64447   0.64447   0.64447   0.64447   0.64447
   0.64447   0.64447   0.64447   0.64447   0.64447   0.64447   0.64447   0.64447
   0.64447   0.64447   0.64447   0.64447
   0.66713   0.66713   0.66713   0.66713   0.66713   0.66713   0.66713   0.66713
   0.66713   0.66713   0.66713   0.66713   0.66713   0.66713   0.66713   0.66713
   0.66713   0.66713   0.66713   0.66713   0.66713   0.66713   0.66713   0.66713
   0.66713   0.66713   0.66713   0.66713   0.66713   0.66713   0.66713   0.66713
   0.66713   0.66713   0.66713   0.66713
   0.78356   0.78356   0.78356   0.78356   0.78356   0.78356   0.78356   0.78356
   0.78356   0.78356   0.78356   0.78356   0.78356   0.78356   0.78356   0.78356
   0.78356   0.78356   0.78356   0.78356   0.78356   0.78356   0.78356   0.78356
   0.78356   0.78356   0.78356   0.78356   0.78356   0.78356   0.78356   0.78356
   0.78356   0.78356   0.78356   0.78356
   0.05914   0.05914   0.05914   0.05914   0.05914   0.05914   0.05914   0.05914
   0.05914   0.05914   0.05914   0.05914   0.05914   0.05914   0.05914   0.05914
   0.05914   0.05914   0.05914   0.05914   0.05914   0.05914   0.05914   0.05914
   0.05914   0.05914   0.05914   0.05914   0.05914   0.05914   0.05914   0.05914
   0.05914   0.05914   0.05914   0.05914
  DUST 2 sca
   0.46412   0.46412   0.46412   0.46412   0.46412   0.46412   0.46412   0.46412
   0.46412   0.46412   0.46412   0.46412   0.46412   0.46412   0.46412   0.46412
   0.46412   0.46412   0.46412   0.46412   0.46412   0.46412   0.46412   0.46412
   0.46412   0.46412   0.46412   0.46412   0.46412   0.46412   0.46412   0.46412
   0.46412   0.46412   0.46412   0.46412
   0.54218   0.54218   0.54218   0.54218   0.54218   0.54218   0.54218   0.54218
   0.54218   0.54218   0.54218   0.54218   0.54218   0.54218   0.54218   0.54218
   0.54218   0.54218   0.54218   0.54218   0.54218   0.54218   0.54218   0.54218
   0.54218   0.54218   0.54218   0.54218   0.54218   0.54218   0.54218   0.54218
   0.54218   0.54218   0.54218   0.54218
   0.58176   0.58176   0.58176   0.58176   0.58176   0.58176   0.58176   0.58176
   0.58176   0.58176   0.58176   0.58176   0.58176   0.58176   0.58176   0.58176
   0.58176   0.58176   0.58176   0.58176   0.58176   0.58176   0.58176   0.58176
   0.58176   0.58176   0.58176   0.58176   0.58176   0.58176   0.58176   0.58176
   0.58176   0.58176   0.58176   0.58176
   0.59147   0.59147   0.59147   0.59147   0.59147   0.59147   0.59147   0.59147
   0.59147   0.59147   0.59147   0.59147   0.59147   0.59147   0.59147   0.59147
   0.59147   0.59147   0.59147   0.59147   0.59147   0.59147   0.59147   0.59147
   0.59147   0.59147   0.59147   0.59147   0.59147   0.59147   0.59147   0.59147
   0.59147   0.59147   0.59147   0.59147
   0.62836   0.62836   0.62836   0.62836   0.62836   0.62836   0.62836   0.62836
   0.62836   0.62836   0.62836   0.62836   0.62836   0.62836   0.62836   0.62836
   0.62836   0.62836   0.62836   0.62836   0.62836   0.62836   0.62836   0.62836
   0.62836   0.62836   0.62836   0.62836   0.62836   0.62836   0.62836   0.62836
   0.62836   0.62836   0.62836   0.62836
   0.75997   0.75997   0.75997   0.75997   0.75997   0.75997   0.75997   0.75997
   0.75997   0.75997   0.75997   0.75997   0.75997   0.75997   0.75997   0.75997
   0.75997   0.75997   0.75997   0.75997   0.75997   0.75997   0.75997   0.75997
   0.75997   0.75997   0.75997   0.75997   0.75997   0.75997   0.75997   0.75997
   0.75997   0.75997   0.75997   0.75997
   0.02087   0.02087   0.02087   0.02087   0.02087   0.02087   0.02087   0.02087
   0.02087   0.02087   0.02087   0.02087   0.02087   0.02087   0.02087   0.02087
   0.02087   0.02087   0.02087   0.02087   0.02087   0.02087   0.02087   0.02087
   0.02087   0.02087   0.02087   0.02087   0.02087   0.02087   0.02087   0.02087
   0.02087   0.02087   0.02087   0.02087
  DUST 2 asy
   0.83487   0.83487   0.83487   0.83487   0.83487   0.83487   0.83487   0.83487
   0.83487   0.83487   0.83487   0.83487   0.83487   0.83487   0.83487   0.83487
   0.83487   0.83487   0.83487   0.83487   0.83487   0.83487   0.83487   0.83487
   0.83487   0.83487   0.83487   0.83487   0.83487   0.83487   0.83487   0.83487
   0.83487   0.83487   0.83487   0.83487
   0.79347   0.79347   0.79347   0.79347   0.79347   0.79347   0.79347   0.79347
   0.79347   0.79347   0.79347   0.79347   0.79347   0.79347   0.79347   0.79347
   0.79347   0.79347   0.79347   0.79347   0.79347   0.79347   0.79347   0.79347
   0.79347   0.79347   0.79347   0.79347   0.79347   0.79347   0.79347   0.79347
   0.79347   0.79347   0.79347   0.79347
   0.76141   0.76141   0.76141   0.76141   0.76141   0.76141   0.76141   0.76141
   0.76141   0.76141   0.76141   0.76141   0.76141   0.76141   0.76141   0.76141
   0.76141   0.76141   0.76141   0.76141   0.76141   0.76141   0.76141   0.76141
   0.76141   0.76141   0.76141   0.76141   0.76141   0.76141   0.76141   0.76141
   0.76141   0.76141   0.76141   0.76141
   0.75416   0.75416   0.75416   0.75416   0.75416   0.75416   0.75416   0.75416
   0.75416   0.75416   0.75416   0.75416   0.75416   0.75416   0.75416   0.75416
   0.75416   0.75416   0.75416   0.75416   0.75416   0.75416   0.75416   0.75416
   0.75416   0.75416   0.75416   0.75416   0.75416   0.75416   0.75416   0.75416
   0.75416   0.75416   0.75416   0.75416
   0.72310   0.72310   0.72310   0.72310   0.72310   0.72310   0.72310   0.72310
   0.72310   0.72310   0.72310   0.72310   0.72310   0.72310   0.72310   0.72310
   0.72310   0.72310   0.72310   0.72310   0.72310   0.72310   0.72310   0.72310
   0.72310   0.72310   0.72310   0.72310   0.72310   0.72310   0.72310   0.72310
   0.72310   0.72310   0.72310   0.72310
   0.81796   0.81796   0.81796   0.81796   0.81796   0.81796   0.81796   0.81796
   0.81796   0.81796   0.81796   0.81796   0.81796   0.81796   0.81796   0.81796
   0.81796   0.81796   0.81796   0.81796   0.81796   0.81796   0.81796   0.81796
   0.81796   0.81796   0.81796   0.81796   0.81796   0.81796   0.81796   0.81796
   0.81796   0.81796   0.81796   0.81796
   0.14457   0.14457   0.14457   0.14457   0.14457   0.14457   0.14457   0.14457
   0.14457   0.14457   0.14457   0.14457   0.14457   0.14457   0.14457   0.14457
   0.14457   0.14457   0.14457   0.14457   0.14457   0.14457   0.14457   0.14457
   0.14457   0.14457   0.14457   0.14457   0.14457   0.14457   0.14457   0.14457
   0.14457   0.14457   0.14457   0.14457
  DUST 2 ssa
   0.78710   0.78710   0.78710   0.78710   0.78710   0.78710   0.78710   0.78710
   0.78710   0.78710   0.78710   0.78710   0.78710   0.78710   0.78710   0.78710
   0.78710   0.78710   0.78710   0.78710   0.78710   0.78710   0.78710   0.78710
   0.78710   0.78710   0.78710   0.78710   0.78710   0.78710   0.78710   0.78710
   0.78710   0.78710   0.78710   0.78710
   0.86761   0.86761   0.86761   0.86761   0.86761   0.86761   0.86761   0.86761
   0.86761   0.86761   0.86761   0.86761   0.86761   0.86761   0.86761   0.86761
   0.86761   0.86761   0.86761   0.86761   0.86761   0.86761   0.86761   0.86761
   0.86761   0.86761   0.86761   0.86761   0.86761   0.86761   0.86761   0.86761
   0.86761   0.86761   0.86761   0.86761
   0.90965   0.90965   0.90965   0.90965   0.90965   0.90965   0.90965   0.90965
   0.90965   0.90965   0.90965   0.90965   0.90965   0.90965   0.90965   0.90965
   0.90965   0.90965   0.90965   0.90965   0.90965   0.90965   0.90965   0.90965
   0.90965   0.90965   0.90965   0.90965   0.90965   0.90965   0.90965   0.90965
   0.90965   0.90965   0.90965   0.90965
   0.91776   0.91776   0.91776   0.91776   0.91776   0.91776   0.91776   0.91776
   0.91776   0.91776   0.91776   0.91776   0.91776   0.91776   0.91776   0.91776
   0.91776   0.91776   0.91776   0.91776   0.91776   0.91776   0.91776   0.91776
   0.91776   0.91776   0.91776   0.91776   0.91776   0.91776   0.91776   0.91776
   0.91776   0.91776   0.91776   0.91776
   0.94190   0.94190   0.94190   0.94190   0.94190   0.94190   0.94190   0.94190
   0.94190   0.94190   0.94190   0.94190   0.94190   0.94190   0.94190   0.94190
   0.94190   0.94190   0.94190   0.94190   0.94190   0.94190   0.94190   0.94190
   0.94190   0.94190   0.94190   0.94190   0.94190   0.94190   0.94190   0.94190
   0.94190   0.94190   0.94190   0.94190
   0.96989   0.96989   0.96989   0.96989   0.96989   0.96989   0.96989   0.96989
   0.96989   0.96989   0.96989   0.96989   0.96989   0.96989   0.96989   0.96989
   0.96989   0.96989   0.96989   0.96989   0.96989   0.96989   0.96989   0.96989
   0.96989   0.96989   0.96989   0.96989   0.96989   0.96989   0.96989   0.96989
   0.96989   0.96989   0.96989   0.96989
   0.35293   0.35293   0.35293   0.35293   0.35293   0.35293   0.35293   0.35293
   0.35293   0.35293   0.35293   0.35293   0.35293   0.35293   0.35293   0.35293
   0.35293   0.35293   0.35293   0.35293   0.35293   0.35293   0.35293   0.35293
   0.35293   0.35293   0.35293   0.35293   0.35293   0.35293   0.35293   0.35293
   0.35293   0.35293   0.35293   0.35293
  DUST 3 ext
   0.30961   0.30961   0.30961   0.30961   0.30961   0.30961   0.30961   0.30961
   0.30961   0.30961   0.30961   0.30961   0.30961   0.30961   0.30961   0.30961
   0.30961   0.30961   0.30961   0.30961   0.30961   0.30961   0.30961   0.30961
   0.30961   0.30961   0.30961   0.30961   0.30961   0.30961   0.30961   0.30961
   0.30961   0.30961   0.30961   0.30961
   0.32530   0.32530   0.32530   0.32530   0.32530   0.32530   0.32530   0.32530
   0.32530   0.32530   0.32530   0.32530   0.32530   0.32530   0.32530   0.32530
   0.32530   0.32530   0.32530   0.32530   0.32530   0.32530   0.32530   0.32530
   0.32530   0.32530   0.32530   0.32530   0.32530   0.32530   0.32530   0.32530
   0.32530   0.32530   0.32530   0.32530
   0.33188   0.33188   0.33188   0.33188   0.33188   0.33188   0.33188   0.33188
   0.33188   0.33188   0.33188   0.33188   0.33188   0.33188   0.33188   0.33188
   0.33188   0.33188   0.33188   0.33188   0.33188   0.33188   0.33188   0.33188
   0.33188   0.33188   0.33188   0.33188   0.33188   0.33188   0.33188   0.33188
   0.33188   0.33188   0.33188   0.33188
   0.33388   0.33388   0.33388   0.33388   0.33388   0.33388   0.33388   0.33388
   0.33388   0.33388   0.33388   0.33388   0.33388   0.33388   0.33388   0.33388
   0.33388   0.33388   0.33388   0.33388   0.33388   0.33388   0.33388   0.33388
   0.33388   0.33388   0.33388   0.33388   0.33388   0.33388   0.33388   0.33388
   0.33388   0.33388   0.33388   0.33388
   0.34707   0.34707   0.34707   0.34707   0.34707   0.34707   0.34707   0.34707
   0.34707   0.34707   0.34707   0.34707   0.34707   0.34707   0.34707   0.34707
   0.34707   0.34707   0.34707   0.34707   0.34707   0.34707   0.34707   0.34707
   0.34707   0.34707   0.34707   0.34707   0.34707   0.34707   0.34707   0.34707
   0.34707   0.34707   0.34707   0.34707
   0.37902   0.37902   0.37902   0.37902   0.37902   0.37902   0.37902   0.37902
   0.37902   0.37902   0.37902   0.37902   0.37902   0.37902   0.37902   0.37902
   0.37902   0.37902   0.37902   0.37902   0.37902   0.37902   0.37902   0.37902
   0.37902   0.37902   0.37902   0.37902   0.37902   0.37902   0.37902   0.37902
   0.37902   0.37902   0.37902   0.37902
   0.11891   0.11891   0.11891   0.11891   0.11891   0.11891   0.11891   0.11891
   0.11891   0.11891   0.11891   0.11891   0.11891   0.11891   0.11891   0.11891
   0.11891   0.11891   0.11891   0.11891   0.11891   0.11891   0.11891   0.11891
   0.11891   0.11891   0.11891   0.11891   0.11891   0.11891   0.11891   0.11891
   0.11891   0.11891   0.11891   0.11891
  DUST 3 sca
   0.22334   0.22334   0.22334   0.22334   0.22334   0.22334   0.22334   0.22334
   0.22334   0.22334   0.22334   0.22334   0.22334   0.22334   0.22334   0.22334
   0.22334   0.22334   0.22334   0.22334   0.22334   0.22334   0.22334   0.22334
   0.22334   0.22334   0.22334   0.22334   0.22334   0.22334   0.22334   0.22334
   0.22334   0.22334   0.22334   0.22334
   0.26447   0.26447   0.26447   0.26447   0.26447   0.26447   0.26447   0.26447
   0.26447   0.26447   0.26447   0.26447   0.26447   0.26447   0.26447   0.26447
   0.26447   0.26447   0.26447   0.26447   0.26447   0.26447   0.26447   0.26447
   0.26447   0.26447   0.26447   0.26447   0.26447   0.26447   0.26447   0.26447
   0.26447   0.26447   0.26447   0.26447
   0.28950   0.28950   0.28950   0.28950   0.28950   0.28950   0.28950   0.28950
   0.28950   0.28950   0.28950   0.28950   0.28950   0.28950   0.28950   0.28950
   0.28950   0.28950   0.28950   0.28950   0.28950   0.28950   0.28950   0.28950
   0.28950   0.28950   0.28950   0.28950   0.28950   0.28950   0.28950   0.28950
   0.28950   0.28950   0.28950   0.28950
   0.29583   0.29583   0.29583   0.29583   0.29583   0.29583   0.29583   0.29583
   0.29583   0.29583   0.29583   0.29583   0.29583   0.29583   0.29583   0.29583
   0.29583   0.29583   0.29583   0.29583   0.29583   0.29583   0.29583   0.29583
   0.29583   0.29583   0.29583   0.29583   0.29583   0.29583   0.29583   0.29583
   0.29583   0.29583   0.29583   0.29583
   0.31858   0.31858   0.31858   0.31858   0.31858   0.31858   0.31858   0.31858
   0.31858   0.31858   0.31858   0.31858   0.31858   0.31858   0.31858   0.31858
   0.31858   0.31858   0.31858   0.31858   0.31858   0.31858   0.31858   0.31858
   0.31858   0.31858   0.31858   0.31858   0.31858   0.31858   0.31858   0.31858
   0.31858   0.31858   0.31858   0.31858
   0.35529   0.35529   0.35529   0.35529   0.35529   0.35529   0.35529   0.35529
   0.35529   0.35529   0.35529   0.35529   0.35529   0.35529   0.35529   0.35529
   0.35529   0.35529   0.35529   0.35529   0.35529   0.35529   0.35529   0.35529
   0.35529   0.35529   0.35529   0.35529   0.35529   0.35529   0.35529   0.35529
   0.35529   0.35529   0.35529   0.35529
   0.07107   0.07107   0.07107   0.07107   0.07107   0.07107   0.07107   0.07107
   0.07107   0.07107   0.07107   0.07107   0.07107   0.07107   0.07107   0.07107
   0.07107   0.07107   0.07107   0.07107   0.07107   0.07107   0.07107   0.07107
   0.07107   0.07107   0.07107   0.07107   0.07107   0.07107   0.07107   0.07107
   0.07107   0.07107   0.07107   0.07107
  DUST 3 asy
   0.88755   0.88755   0.88755   0.88755   0.88755   0.88755   0.88755   0.88755
   0.88755   0.88755   0.88755   0.88755   0.88755   0.88755   0.88755   0.88755
   0.88755   0.88755   0.88755   0.88755   0.88755   0.88755   0.88755   0.88755
   0.88755   0.88755   0.88755   0.88755   0.88755   0.88755   0.88755   0.88755
   0.88755   0.88755   0.88755   0.88755
   0.84493   0.84493   0.84493   0.84493   0.84493   0.84493   0.84493   0.84493
   0.84493   0.84493   0.84493   0.84493   0.84493   0.84493   0.84493   0.84493
   0.84493   0.84493   0.84493   0.84493   0.84493   0.84493   0.84493   0.84493
   0.84493   0.84493   0.84493   0.84493   0.84493   0.84493   0.84493   0.84493
   0.84493   0.84493   0.84493   0.84493
   0.80525   0.80525   0.80525   0.80525   0.80525   0.80525   0.80525   0.80525
   0.80525   0.80525   0.80525   0.80525   0.80525   0.80525   0.80525   0.80525
   0.80525   0.80525   0.80525   0.80525   0.80525   0.80525   0.80525   0.80525
   0.80525   0.80525   0.80525   0.80525   0.80525   0.80525   0.80525   0.80525
   0.80525   0.80525   0.80525   0.80525
   0.79637   0.79637   0.79637   0.79637   0.79637   0.79637   0.79637   0.79637
   0.79637   0.79637   0.79637   0.79637   0.79637   0.79637   0.79637   0.79637
   0.79637   0.79637   0.79637   0.79637   0.79637   0.79637   0.79637   0.79637
   0.79637   0.79637   0.79637   0.79637   0.79637   0.79637   0.79637   0.79637
   0.79637   0.79637   0.79637   0.79637
   0.77045   0.77045   0.77045   0.77045   0.77045   0.77045   0.77045   0.77045
   0.77045   0.77045   0.77045   0.77045   0.77045   0.77045   0.77045   0.77045
   0.77045   0.77045   0.77045   0.77045   0.77045   0.77045   0.77045   0.77045
   0.77045   0.77045   0.77045   0.77045   0.77045   0.77045   0.77045   0.77045
   0.77045   0.77045   0.77045   0.77045
   0.78078   0.78078   0.78078   0.78078   0.78078   0.78078   0.78078   0.78078
   0.78078   0.78078   0.78078   0.78078   0.78078   0.78078   0.78078   0.78078
   0.78078   0.78078   0.78078   0.78078   0.78078   0.78078   0.78078   0.78078
   0.78078   0.78078   0.78078   0.78078   0.78078   0.78078   0.78078   0.78078
   0.78078   0.78078   0.78078   0.78078
   0.40709   0.40709   0.40709   0.40709   0.40709   0.40709   0.40709   0.40709
   0.40709   0.40709   0.40709   0.40709   0.40709   0.40709   0.40709   0.40709
   0.40709   0.40709   0.40709   0.40709   0.40709   0.40709   0.40709   0.40709
   0.40709   0.40709   0.40709   0.40709   0.40709   0.40709   0.40709   0.40709
   0.40709   0.40709   0.40709   0.40709
  DUST 3 ssa
   0.72138   0.72138   0.72138   0.72138   0.72138   0.72138   0.72138   0.72138
   0.72138   0.72138   0.72138   0.72138   0.72138   0.72138   0.72138   0.72138
   0.72138   0.72138   0.72138   0.72138   0.72138   0.72138   0.72138   0.72138
   0.72138   0.72138   0.72138   0.72138   0.72138   0.72138   0.72138   0.72138
   0.72138   0.72138   0.72138   0.72138
   0.81464   0.81464   0.81464   0.81464   0.81464   0.81464   0.81464   0.81464
   0.81464   0.81464   0.81464   0.81464   0.81464   0.81464   0.81464   0.81464
   0.81464   0.81464   0.81464   0.81464   0.81464   0.81464   0.81464   0.81464
   0.81464   0.81464   0.81464   0.81464   0.81464   0.81464   0.81464   0.81464
   0.81464   0.81464   0.81464   0.81464
   0.87476   0.87476   0.87476   0.87476   0.87476   0.87476   0.87476   0.87476
   0.87476   0.87476   0.87476   0.87476   0.87476   0.87476   0.87476   0.87476
   0.87476   0.87476   0.87476   0.87476   0.87476   0.87476   0.87476   0.87476
   0.87476   0.87476   0.87476   0.87476   0.87476   0.87476   0.87476   0.87476
   0.87476   0.87476   0.87476   0.87476
   0.88604   0.88604   0.88604   0.88604   0.88604   0.88604   0.88604   0.88604
   0.88604   0.88604   0.88604   0.88604   0.88604   0.88604   0.88604   0.88604
   0.88604   0.88604   0.88604   0.88604   0.88604   0.88604   0.88604   0.88604
   0.88604   0.88604   0.88604   0.88604   0.88604   0.88604   0.88604   0.88604
   0.88604   0.88604   0.88604   0.88604
   0.91791   0.91791   0.91791   0.91791   0.91791   0.91791   0.91791   0.91791
   0.91791   0.91791   0.91791   0.91791   0.91791   0.91791   0.91791   0.91791
   0.91791   0.91791   0.91791   0.91791   0.91791   0.91791   0.91791   0.91791
   0.91791   0.91791   0.91791   0.91791   0.91791   0.91791   0.91791   0.91791
   0.91791   0.91791   0.91791   0.91791
   0.93741   0.93741   0.93741   0.93741   0.93741   0.93741   0.93741   0.93741
   0.93741   0.93741   0.93741   0.93741   0.93741   0.93741   0.93741   0.93741
   0.93741   0.93741   0.93741   0.93741   0.93741   0.93741   0.93741   0.93741
   0.93741   0.93741   0.93741   0.93741   0.93741   0.93741   0.93741   0.93741
   0.93741   0.93741   0.93741   0.93741
   0.59768   0.59768   0.59768   0.59768   0.59768   0.59768   0.59768   0.59768
   0.59768   0.59768   0.59768   0.59768   0.59768   0.59768   0.59768   0.59768
   0.59768   0.59768   0.59768   0.59768   0.59768   0.59768   0.59768   0.59768
   0.59768   0.59768   0.59768   0.59768   0.59768   0.59768   0.59768   0.59768
   0.59768   0.59768   0.59768   0.59768
  DUST 4 ext
   0.15758   0.15758   0.15758   0.15758   0.15758   0.15758   0.15758   0.15758
   0.15758   0.15758   0.15758   0.15758   0.15758   0.15758   0.15758   0.15758
   0.15758   0.15758   0.15758   0.15758   0.15758   0.15758   0.15758   0.15758
   0.15758   0.15758   0.15758   0.15758   0.15758   0.15758   0.15758   0.15758
   0.15758   0.15758   0.15758   0.15758
   0.16549   0.16549   0.16549   0.16549   0.16549   0.16549   0.16549   0.16549
   0.16549   0.16549   0.16549   0.16549   0.16549   0.16549   0.16549   0.16549
   0.16549   0.16549   0.16549   0.16549   0.16549   0.16549   0.16549   0.16549
   0.16549   0.16549   0.16549   0.16549   0.16549   0.16549   0.16549   0.16549
   0.16549   0.16549   0.16549   0.16549
   0.16689   0.16689   0.16689   0.16689   0.16689   0.16689   0.16689   0.16689
   0.16689   0.16689   0.16689   0.16689   0.16689   0.16689   0.16689   0.16689
   0.16689   0.16689   0.16689   0.16689   0.16689   0.16689   0.16689   0.16689
   0.16689   0.16689   0.16689   0.16689   0.16689   0.16689   0.16689   0.16689
   0.16689   0.16689   0.16689   0.16689
   0.16736   0.16736   0.16736   0.16736   0.16736   0.16736   0.16736   0.16736
   0.16736   0.16736   0.16736   0.16736   0.16736   0.16736   0.16736   0.16736
   0.16736   0.16736   0.16736   0.16736   0.16736   0.16736   0.16736   0.16736
   0.16736   0.16736   0.16736   0.16736   0.16736   0.16736   0.16736   0.16736
   0.16736   0.16736   0.16736   0.16736
   0.17247   0.17247   0.17247   0.17247   0.17247   0.17247   0.17247   0.17247
   0.17247   0.17247   0.17247   0.17247   0.17247   0.17247   0.17247   0.17247
   0.17247   0.17247   0.17247   0.17247   0.17247   0.17247   0.17247   0.17247
   0.17247   0.17247   0.17247   0.17247   0.17247   0.17247   0.17247   0.17247
   0.17247   0.17247   0.17247   0.17247
   0.17635   0.17635   0.17635   0.17635   0.17635   0.17635   0.17635   0.17635
   0.17635   0.17635   0.17635   0.17635   0.17635   0.17635   0.17635   0.17635
   0.17635   0.17635   0.17635   0.17635   0.17635   0.17635   0.17635   0.17635
   0.17635   0.17635   0.17635   0.17635   0.17635   0.17635   0.17635   0.17635
   0.17635   0.17635   0.17635   0.17635
   0.17303   0.17303   0.17303   0.17303   0.17303   0.17303   0.17303   0.17303
   0.17303   0.17303   0.17303   0.17303   0.17303   0.17303   0.17303   0.17303
   0.17303   0.17303   0.17303   0.17303   0.17303   0.17303   0.17303   0.17303
   0.17303   0.17303   0.17303   0.17303   0.17303   0.17303   0.17303   0.17303
   0.17303   0.17303   0.17303   0.17303
  DUST 4 sca
   0.10305   0.10305   0.10305   0.10305   0.10305   0.10305   0.10305   0.10305
   0.10305   0.10305   0.10305   0.10305   0.10305   0.10305   0.10305   0.10305
   0.10305   0.10305   0.10305   0.10305   0.10305   0.10305   0.10305   0.10305
   0.10305   0.10305   0.10305   0.10305   0.10305   0.10305   0.10305   0.10305
   0.10305   0.10305   0.10305   0.10305
   0.12311   0.12311   0.12311   0.12311   0.12311   0.12311   0.12311   0.12311
   0.12311   0.12311   0.12311   0.12311   0.12311   0.12311   0.12311   0.12311
   0.12311   0.12311   0.12311   0.12311   0.12311   0.12311   0.12311   0.12311
   0.12311   0.12311   0.12311   0.12311   0.12311   0.12311   0.12311   0.12311
   0.12311   0.12311   0.12311   0.12311
   0.13626   0.13626   0.13626   0.13626   0.13626   0.13626   0.13626   0.13626
   0.13626   0.13626   0.13626   0.13626   0.13626   0.13626   0.13626   0.13626
   0.13626   0.13626   0.13626   0.13626   0.13626   0.13626   0.13626   0.13626
   0.13626   0.13626   0.13626   0.13626   0.13626   0.13626   0.13626   0.13626
   0.13626   0.13626   0.13626   0.13626
   0.13947   0.13947   0.13947   0.13947   0.13947   0.13947   0.13947   0.13947
   0.13947   0.13947   0.13947   0.13947   0.13947   0.13947   0.13947   0.13947
   0.13947   0.13947   0.13947   0.13947   0.13947   0.13947   0.13947   0.13947
   0.13947   0.13947   0.13947   0.13947   0.13947   0.13947   0.13947   0.13947
   0.13947   0.13947   0.13947   0.13947
   0.15123   0.15123   0.15123   0.15123   0.15123   0.15123   0.15123   0.15123
   0.15123   0.15123   0.15123   0.15123   0.15123   0.15123   0.15123   0.15123
   0.15123   0.15123   0.15123   0.15123   0.15123   0.15123   0.15123   0.15123
   0.15123   0.15123   0.15123   0.15123   0.15123   0.15123   0.15123   0.15123
   0.15123   0.15123   0.15123   0.15123
   0.15466   0.15466   0.15466   0.15466   0.15466   0.15466   0.15466   0.15466
   0.15466   0.15466   0.15466   0.15466   0.15466   0.15466   0.15466   0.15466
   0.15466   0.15466   0.15466   0.15466   0.15466   0.15466   0.15466   0.15466
   0.15466   0.15466   0.15466   0.15466   0.15466   0.15466   0.15466   0.15466
   0.15466   0.15466   0.15466   0.15466
   0.12175   0.12175   0.12175   0.12175   0.12175   0.12175   0.12175   0.12175
   0.12175   0.12175   0.12175   0.12175   0.12175   0.12175   0.12175   0.12175
   0.12175   0.12175   0.12175   0.12175   0.12175   0.12175   0.12175   0.12175
   0.12175   0.12175   0.12175   0.12175   0.12175   0.12175   0.12175   0.12175
   0.12175   0.12175   0.12175   0.12175
  DUST 4 asy
   0.92024   0.92024   0.92024   0.92024   0.92024   0.92024   0.92024   0.92024
   0.92024   0.92024   0.92024   0.92024   0.92024   0.92024   0.92024   0.92024
   0.92024   0.92024   0.92024   0.92024   0.92024   0.92024   0.92024   0.92024
   0.92024   0.92024   0.92024   0.92024   0.92024   0.92024   0.92024   0.92024
   0.92024   0.92024   0.92024   0.92024
   0.88508   0.88508   0.88508   0.88508   0.88508   0.88508   0.88508   0.88508
   0.88508   0.88508   0.88508   0.88508   0.88508   0.88508   0.88508   0.88508
   0.88508   0.88508   0.88508   0.88508   0.88508   0.88508   0.88508   0.88508
   0.88508   0.88508   0.88508   0.88508   0.88508   0.88508   0.88508   0.88508
   0.88508   0.88508   0.88508   0.88508
   0.84821   0.84821   0.84821   0.84821   0.84821   0.84821   0.84821   0.84821
   0.84821   0.84821   0.84821   0.84821   0.84821   0.84821   0.84821   0.84821
   0.84821   0.84821   0.84821   0.84821   0.84821   0.84821   0.84821   0.84821
   0.84821   0.84821   0.84821   0.84821   0.84821   0.84821   0.84821   0.84821
   0.84821   0.84821   0.84821   0.84821
   0.84029   0.84029   0.84029   0.84029   0.84029   0.84029   0.84029   0.84029
   0.84029   0.84029   0.84029   0.84029   0.84029   0.84029   0.84029   0.84029
   0.84029   0.84029   0.84029   0.84029   0.84029   0.84029   0.84029   0.84029
   0.84029   0.84029   0.84029   0.84029   0.84029   0.84029   0.84029   0.84029
   0.84029   0.84029   0.84029   0.84029
   0.81404   0.81404   0.81404   0.81404   0.81404   0.81404   0.81404   0.81404
   0.81404   0.81404   0.81404   0.81404   0.81404   0.81404   0.81404   0.81404
   0.81404   0.81404   0.81404   0.81404   0.81404   0.81404   0.81404   0.81404
   0.81404   0.81404   0.81404   0.81404   0.81404   0.81404   0.81404   0.81404
   0.81404   0.81404   0.81404   0.81404
   0.80682   0.80682   0.80682   0.80682   0.80682   0.80682   0.80682   0.80682
   0.80682   0.80682   0.80682   0.80682   0.80682   0.80682   0.80682   0.80682
   0.80682   0.80682   0.80682   0.80682   0.80682   0.80682   0.80682   0.80682
   0.80682   0.80682   0.80682   0.80682   0.80682   0.80682   0.80682   0.80682
   0.80682   0.80682   0.80682   0.80682
   0.69051   0.69051   0.69051   0.69051   0.69051   0.69051   0.69051   0.69051
   0.69051   0.69051   0.69051   0.69051   0.69051   0.69051   0.69051   0.69051
   0.69051   0.69051   0.69051   0.69051   0.69051   0.69051   0.69051   0.69051
   0.69051   0.69051   0.69051   0.69051   0.69051   0.69051   0.69051   0.69051
   0.69051   0.69051   0.69051   0.69051
  DUST 4 ssa
   0.65398   0.65398   0.65398   0.65398   0.65398   0.65398   0.65398   0.65398
   0.65398   0.65398   0.65398   0.65398   0.65398   0.65398   0.65398   0.65398
   0.65398   0.65398   0.65398   0.65398   0.65398   0.65398   0.65398   0.65398
   0.65398   0.65398   0.65398   0.65398   0.65398   0.65398   0.65398   0.65398
   0.65398   0.65398   0.65398   0.65398
   0.74653   0.74653   0.74653   0.74653   0.74653   0.74653   0.74653   0.74653
   0.74653   0.74653   0.74653   0.74653   0.74653   0.74653   0.74653   0.74653
   0.74653   0.74653   0.74653   0.74653   0.74653   0.74653   0.74653   0.74653
   0.74653   0.74653   0.74653   0.74653   0.74653   0.74653   0.74653   0.74653
   0.74653   0.74653   0.74653   0.74653
   0.82004   0.82004   0.82004   0.82004   0.82004   0.82004   0.82004   0.82004
   0.82004   0.82004   0.82004   0.82004   0.82004   0.82004   0.82004   0.82004
   0.82004   0.82004   0.82004   0.82004   0.82004   0.82004   0.82004   0.82004
   0.82004   0.82004   0.82004   0.82004   0.82004   0.82004   0.82004   0.82004
   0.82004   0.82004   0.82004   0.82004
   0.83335   0.83335   0.83335   0.83335   0.83335   0.83335   0.83335   0.83335
   0.83335   0.83335   0.83335   0.83335   0.83335   0.83335   0.83335   0.83335
   0.83335   0.83335   0.83335   0.83335   0.83335   0.83335   0.83335   0.83335
   0.83335   0.83335   0.83335   0.83335   0.83335   0.83335   0.83335   0.83335
   0.83335   0.83335   0.83335   0.83335
   0.87701   0.87701   0.87701   0.87701   0.87701   0.87701   0.87701   0.87701
   0.87701   0.87701   0.87701   0.87701   0.87701   0.87701   0.87701   0.87701
   0.87701   0.87701   0.87701   0.87701   0.87701   0.87701   0.87701   0.87701
   0.87701   0.87701   0.87701   0.87701   0.87701   0.87701   0.87701   0.87701
   0.87701   0.87701   0.87701   0.87701
   0.87697   0.87697   0.87697   0.87697   0.87697   0.87697   0.87697   0.87697
   0.87697   0.87697   0.87697   0.87697   0.87697   0.87697   0.87697   0.87697
   0.87697   0.87697   0.87697   0.87697   0.87697   0.87697   0.87697   0.87697
   0.87697   0.87697   0.87697   0.87697   0.87697   0.87697   0.87697   0.87697
   0.87697   0.87697   0.87697   0.87697
   0.70367   0.70367   0.70367   0.70367   0.70367   0.70367   0.70367   0.70367
   0.70367   0.70367   0.70367   0.70367   0.70367   0.70367   0.70367   0.70367
   0.70367   0.70367   0.70367   0.70367   0.70367   0.70367   0.70367   0.70367
   0.70367   0.70367   0.70367   0.70367   0.70367   0.70367   0.70367   0.70367
   0.70367   0.70367   0.70367   0.70367
  DUST 5 ext
   0.08076   0.08076   0.08076   0.08076   0.08076   0.08076   0.08076   0.08076
   0.08076   0.08076   0.08076   0.08076   0.08076   0.08076   0.08076   0.08076
   0.08076   0.08076   0.08076   0.08076   0.08076   0.08076   0.08076   0.08076
   0.08076   0.08076   0.08076   0.08076   0.08076   0.08076   0.08076   0.08076
   0.08076   0.08076   0.08076   0.08076
   0.08415   0.08415   0.08415   0.08415   0.08415   0.08415   0.08415   0.08415
   0.08415   0.08415   0.08415   0.08415   0.08415   0.08415   0.08415   0.08415
   0.08415   0.08415   0.08415   0.08415   0.08415   0.08415   0.08415   0.08415
   0.08415   0.08415   0.08415   0.08415   0.08415   0.08415   0.08415   0.08415
   0.08415   0.08415   0.08415   0.08415
   0.08391   0.08391   0.08391   0.08391   0.08391   0.08391   0.08391   0.08391
   0.08391   0.08391   0.08391   0.08391   0.08391   0.08391   0.08391   0.08391
   0.08391   0.08391   0.08391   0.08391   0.08391   0.08391   0.08391   0.08391
   0.08391   0.08391   0.08391   0.08391   0.08391   0.08391   0.08391   0.08391
   0.08391   0.08391   0.08391   0.08391
   0.08391   0.08391   0.08391   0.08391   0.08391   0.08391   0.08391   0.08391
   0.08391   0.08391   0.08391   0.08391   0.08391   0.08391   0.08391   0.08391
   0.08391   0.08391   0.08391   0.08391   0.08391   0.08391   0.08391   0.08391
   0.08391   0.08391   0.08391   0.08391   0.08391   0.08391   0.08391   0.08391
   0.08391   0.08391   0.08391   0.08391
   0.08549   0.08549   0.08549   0.08549   0.08549   0.08549   0.08549   0.08549
   0.08549   0.08549   0.08549   0.08549   0.08549   0.08549   0.08549   0.08549
   0.08549   0.08549   0.08549   0.08549   0.08549   0.08549   0.08549   0.08549
   0.08549   0.08549   0.08549   0.08549   0.08549   0.08549   0.08549   0.08549
   0.08549   0.08549   0.08549   0.08549
   0.08936   0.08936   0.08936   0.08936   0.08936   0.08936   0.08936   0.08936
   0.08936   0.08936   0.08936   0.08936   0.08936   0.08936   0.08936   0.08936
   0.08936   0.08936   0.08936   0.08936   0.08936   0.08936   0.08936   0.08936
   0.08936   0.08936   0.08936   0.08936   0.08936   0.08936   0.08936   0.08936
   0.08936   0.08936   0.08936   0.08936
   0.12043   0.12043   0.12043   0.12043   0.12043   0.12043   0.12043   0.12043
   0.12043   0.12043   0.12043   0.12043   0.12043   0.12043   0.12043   0.12043
   0.12043   0.12043   0.12043   0.12043   0.12043   0.12043   0.12043   0.12043
   0.12043   0.12043   0.12043   0.12043   0.12043   0.12043   0.12043   0.12043
   0.12043   0.12043   0.12043   0.12043
  DUST 5 sca
   0.04853   0.04853   0.04853   0.04853   0.04853   0.04853   0.04853   0.04853
   0.04853   0.04853   0.04853   0.04853   0.04853   0.04853   0.04853   0.04853
   0.04853   0.04853   0.04853   0.04853   0.04853   0.04853   0.04853   0.04853
   0.04853   0.04853   0.04853   0.04853   0.04853   0.04853   0.04853   0.04853
   0.04853   0.04853   0.04853   0.04853
   0.05618   0.05618   0.05618   0.05618   0.05618   0.05618   0.05618   0.05618
   0.05618   0.05618   0.05618   0.05618   0.05618   0.05618   0.05618   0.05618
   0.05618   0.05618   0.05618   0.05618   0.05618   0.05618   0.05618   0.05618
   0.05618   0.05618   0.05618   0.05618   0.05618   0.05618   0.05618   0.05618
   0.05618   0.05618   0.05618   0.05618
   0.06277   0.06277   0.06277   0.06277   0.06277   0.06277   0.06277   0.06277
   0.06277   0.06277   0.06277   0.06277   0.06277   0.06277   0.06277   0.06277
   0.06277   0.06277   0.06277   0.06277   0.06277   0.06277   0.06277   0.06277
   0.06277   0.06277   0.06277   0.06277   0.06277   0.06277   0.06277   0.06277
   0.06277   0.06277   0.06277   0.06277
   0.06440   0.06440   0.06440   0.06440   0.06440   0.06440   0.06440   0.06440
   0.06440   0.06440   0.06440   0.06440   0.06440   0.06440   0.06440   0.06440
   0.06440   0.06440   0.06440   0.06440   0.06440   0.06440   0.06440   0.06440
   0.06440   0.06440   0.06440   0.06440   0.06440   0.06440   0.06440   0.06440
   0.06440   0.06440   0.06440   0.06440
   0.07023   0.07023   0.07023   0.07023   0.07023   0.07023   0.07023   0.07023
   0.07023   0.07023   0.07023   0.07023   0.07023   0.07023   0.07023   0.07023
   0.07023   0.07023   0.07023   0.07023   0.07023   0.07023   0.07023   0.07023
   0.07023   0.07023   0.07023   0.07023   0.07023   0.07023   0.07023   0.07023
   0.07023   0.07023   0.07023   0.07023
   0.07249   0.07249   0.07249   0.07249   0.07249   0.07249   0.07249   0.07249
   0.07249   0.07249   0.07249   0.07249   0.07249   0.07249   0.07249   0.07249
   0.07249   0.07249   0.07249   0.07249   0.07249   0.07249   0.07249   0.07249
   0.07249   0.07249   0.07249   0.07249   0.07249   0.07249   0.07249   0.07249
   0.07249   0.07249   0.07249   0.07249
   0.07996   0.07996   0.07996   0.07996   0.07996   0.07996   0.07996   0.07996
   0.07996   0.07996   0.07996   0.07996   0.07996   0.07996   0.07996   0.07996
   0.07996   0.07996   0.07996   0.07996   0.07996   0.07996   0.07996   0.07996
   0.07996   0.07996   0.07996   0.07996   0.07996   0.07996   0.07996   0.07996
   0.07996   0.07996   0.07996   0.07996
  DUST 5 asy
   0.94078   0.94078   0.94078   0.94078   0.94078   0.94078   0.94078   0.94078
   0.94078   0.94078   0.94078   0.94078   0.94078   0.94078   0.94078   0.94078
   0.94078   0.94078   0.94078   0.94078   0.94078   0.94078   0.94078   0.94078
   0.94078   0.94078   0.94078   0.94078   0.94078   0.94078   0.94078   0.94078
   0.94078   0.94078   0.94078   0.94078
   0.91727   0.91727   0.91727   0.91727   0.91727   0.91727   0.91727   0.91727
   0.91727   0.91727   0.91727   0.91727   0.91727   0.91727   0.91727   0.91727
   0.91727   0.91727   0.91727   0.91727   0.91727   0.91727   0.91727   0.91727
   0.91727   0.91727   0.91727   0.91727   0.91727   0.91727   0.91727   0.91727
   0.91727   0.91727   0.91727   0.91727
   0.88035   0.88035   0.88035   0.88035   0.88035   0.88035   0.88035   0.88035
   0.88035   0.88035   0.88035   0.88035   0.88035   0.88035   0.88035   0.88035
   0.88035   0.88035   0.88035   0.88035   0.88035   0.88035   0.88035   0.88035
   0.88035   0.88035   0.88035   0.88035   0.88035   0.88035   0.88035   0.88035
   0.88035   0.88035   0.88035   0.88035
   0.87232   0.87232   0.87232   0.87232   0.87232   0.87232   0.87232   0.87232
   0.87232   0.87232   0.87232   0.87232   0.87232   0.87232   0.87232   0.87232
   0.87232   0.87232   0.87232   0.87232   0.87232   0.87232   0.87232   0.87232
   0.87232   0.87232   0.87232   0.87232   0.87232   0.87232   0.87232   0.87232
   0.87232   0.87232   0.87232   0.87232
   0.84813   0.84813   0.84813   0.84813   0.84813   0.84813   0.84813   0.84813
   0.84813   0.84813   0.84813   0.84813   0.84813   0.84813   0.84813   0.84813
   0.84813   0.84813   0.84813   0.84813   0.84813   0.84813   0.84813   0.84813
   0.84813   0.84813   0.84813   0.84813   0.84813   0.84813   0.84813   0.84813
   0.84813   0.84813   0.84813   0.84813
   0.85620   0.85620   0.85620   0.85620   0.85620   0.85620   0.85620   0.85620
   0.85620   0.85620   0.85620   0.85620   0.85620   0.85620   0.85620   0.85620
   0.85620   0.85620   0.85620   0.85620   0.85620   0.85620   0.85620   0.85620
   0.85620   0.85620   0.85620   0.85620   0.85620   0.85620   0.85620   0.85620
   0.85620   0.85620   0.85620   0.85620
   0.80500   0.80500   0.80500   0.80500   0.80500   0.80500   0.80500   0.80500
   0.80500   0.80500   0.80500   0.80500   0.80500   0.80500   0.80500   0.80500
   0.80500   0.80500   0.80500   0.80500   0.80500   0.80500   0.80500   0.80500
   0.80500   0.80500   0.80500   0.80500   0.80500   0.80500   0.80500   0.80500
   0.80500   0.80500   0.80500   0.80500
  DUST 5 ssa
   0.60095   0.60095   0.60095   0.60095   0.60095   0.60095   0.60095   0.60095
   0.60095   0.60095   0.60095   0.60095   0.60095   0.60095   0.60095   0.60095
   0.60095   0.60095   0.60095   0.60095   0.60095   0.60095   0.60095   0.60095
   0.60095   0.60095   0.60095   0.60095   0.60095   0.60095   0.60095   0.60095
   0.60095   0.60095   0.60095   0.60095
   0.67084   0.67084   0.67084   0.67084   0.67084   0.67084   0.67084   0.67084
   0.67084   0.67084   0.67084   0.67084   0.67084   0.67084   0.67084   0.67084
   0.67084   0.67084   0.67084   0.67084   0.67084   0.67084   0.67084   0.67084
   0.67084   0.67084   0.67084   0.67084   0.67084   0.67084   0.67084   0.67084
   0.67084   0.67084   0.67084   0.67084
   0.75274   0.75274   0.75274   0.75274   0.75274   0.75274   0.75274   0.75274
   0.75274   0.75274   0.75274   0.75274   0.75274   0.75274   0.75274   0.75274
   0.75274   0.75274   0.75274   0.75274   0.75274   0.75274   0.75274   0.75274
   0.75274   0.75274   0.75274   0.75274   0.75274   0.75274   0.75274   0.75274
   0.75274   0.75274   0.75274   0.75274
   0.76747   0.76747   0.76747   0.76747   0.76747   0.76747   0.76747   0.76747
   0.76747   0.76747   0.76747   0.76747   0.76747   0.76747   0.76747   0.76747
   0.76747   0.76747   0.76747   0.76747   0.76747   0.76747   0.76747   0.76747
   0.76747   0.76747   0.76747   0.76747   0.76747   0.76747   0.76747   0.76747
   0.76747   0.76747   0.76747   0.76747
   0.82177   0.82177   0.82177   0.82177   0.82177   0.82177   0.82177   0.82177
   0.82177   0.82177   0.82177   0.82177   0.82177   0.82177   0.82177   0.82177
   0.82177   0.82177   0.82177   0.82177   0.82177   0.82177   0.82177   0.82177
   0.82177   0.82177   0.82177   0.82177   0.82177   0.82177   0.82177   0.82177
   0.82177   0.82177   0.82177   0.82177
   0.81122   0.81122   0.81122   0.81122   0.81122   0.81122   0.81122   0.81122
   0.81122   0.81122   0.81122   0.81122   0.81122   0.81122   0.81122   0.81122
   0.81122   0.81122   0.81122   0.81122   0.81122   0.81122   0.81122   0.81122
   0.81122   0.81122   0.81122   0.81122   0.81122   0.81122   0.81122   0.81122
   0.81122   0.81122   0.81122   0.81122
   0.66393   0.66393   0.66393   0.66393   0.66393   0.66393   0.66393   0.66393
   0.66393   0.66393   0.66393   0.66393   0.66393   0.66393   0.66393   0.66393
   0.66393   0.66393   0.66393   0.66393   0.66393   0.66393   0.66393   0.66393
   0.66393   0.66393   0.66393   0.66393   0.66393   0.66393   0.66393   0.66393
   0.66393   0.66393   0.66393   0.66393
