  SUSO 1 ext
   7.73574   8.34077   9.01847   9.79756  10.56687  11.25723  11.82404  12.73465
  13.69757  14.43105  15.18178  16.20457  17.10606  18.02381  18.71644  19.88663
  21.39725  21.69895  21.98503  21.98853  22.28346  22.58576  23.15534  23.39982
  23.84385  24.06293  24.51358  25.00588  25.91299  26.64322  27.54119  28.40457
  29.08818  30.92253  32.82631  36.20938
   5.58873   6.14138   6.74038   7.39951   8.11619   8.87692   9.46058  10.26406
  11.12697  12.06703  13.05719  14.03514  14.76294  15.78562  16.91784  18.43632
  19.83288  20.09694  20.36124  20.59992  20.90023  21.20483  21.82609  22.14195
  22.77966  23.09829  23.72646  24.33966  25.25155  25.87116  26.83667  28.19881
  29.23095  30.82813  32.75817  36.69236
   3.31207   3.69518   4.11907   4.58516   5.09164   5.63784   6.07565   6.69957
   7.36950   8.08748   8.85806   9.67966  10.32481  11.22101  12.16159  13.40919
  14.74813  15.02697  15.30918  15.52048  15.80454  16.09111  16.67167  16.96568
  17.56121  17.86268  18.47295  19.09309  20.04345  20.69253  21.69324  23.07807
  24.14427  25.94363  28.14392  32.47068
   2.45815   2.76058   3.09290   3.45767   3.85859   4.29913   4.65656   5.16882
   5.72132   6.31488   6.95118   7.63204   8.17365   8.93990   9.75735  10.84532
  12.00156  12.24143  12.48439  12.66905  12.91792  13.16988  13.68326  13.94479
  14.47786  14.74947  15.30288  15.86951  16.74229  17.33793  18.25102  19.50795
  20.48379  22.17376  24.30063  28.46202
   1.29901   1.47546   1.67134   1.88900   2.13114   2.40046   2.62166   2.94330
   3.29584   3.67915   4.09326   4.53889   4.89468   5.39959   5.94207   6.67816
   7.48389   7.65360   7.82616   7.95643   8.13294   8.31215   8.67857   8.86574
   9.24796   9.44299   9.84091  10.24936  10.88210  11.31761  11.99217  12.93336
  13.67245  14.97092  16.63907  19.97588
   0.16741   0.19773   0.23237   0.27172   0.31621   0.36627   0.40777   0.46878
   0.53684   0.61257   0.69669   0.79001   0.86655   0.97806   1.10126   1.27318
   1.46669   1.50813   1.55052   1.58343   1.62739   1.67231   1.76509   1.81298
   1.91178   1.96271   2.06769   2.17686   2.34861   2.46852   2.65665   2.92317
   3.13507   3.51176   4.00407   5.02953
   0.21202   0.22864   0.24477   0.26054   0.27611   0.29162   0.30329   0.31899
   0.33496   0.35128   0.36804   0.38532   0.39865   0.41699   0.43601   0.46084
   0.48692   0.49229   0.49772   0.50113   0.50664   0.51220   0.52350   0.52924
   0.54089   0.54680   0.55880   0.57105   0.58989   0.60276   0.62257   0.64990
   0.67112   0.70789   0.75441   0.84679
  SUSO 1 sca
   7.73574   8.34077   9.01847   9.79756  10.56687  11.25723  11.82404  12.73465
  13.69757  14.43105  15.18178  16.20457  17.10606  18.02381  18.71644  19.88663
  21.39725  21.69895  21.98503  21.98853  22.28346  22.58576  23.15534  23.39982
  23.84385  24.06293  24.51358  25.00588  25.91299  26.64322  27.54119  28.40457
  29.08818  30.92253  32.82631  36.20938
   5.58873   6.14138   6.74038   7.39951   8.11619   8.87692   9.46058  10.26406
  11.12697  12.06703  13.05719  14.03514  14.76294  15.78562  16.91784  18.43632
  19.83288  20.09694  20.36124  20.59992  20.90023  21.20483  21.82609  22.14195
  22.77966  23.09829  23.72646  24.33966  25.25155  25.87116  26.83667  28.19881
  29.23095  30.82813  32.75817  36.69236
   3.31207   3.69518   4.11907   4.58516   5.09164   5.63784   6.07565   6.69957
   7.36950   8.08748   8.85806   9.67966  10.32481  11.22101  12.16159  13.40919
  14.74813  15.02697  15.30918  15.52048  15.80454  16.09111  16.67167  16.96568
  17.56121  17.86268  18.47295  19.09309  20.04345  20.69253  21.69324  23.07807
  24.14427  25.94363  28.14392  32.47068
   2.45815   2.76058   3.09290   3.45767   3.85859   4.29913   4.65656   5.16882
   5.72132   6.31488   6.95118   7.63204   8.17365   8.93990   9.75735  10.84532
  12.00156  12.24143  12.48439  12.66905  12.91792  13.16988  13.68326  13.94479
  14.47786  14.74947  15.30288  15.86951  16.74229  17.33793  18.25102  19.50795
  20.48379  22.17376  24.30063  28.46202
   1.29901   1.47546   1.67134   1.88900   2.13114   2.40046   2.62166   2.94330
   3.29584   3.67915   4.09326   4.53889   4.89468   5.39959   5.94207   6.67816
   7.48389   7.65360   7.82616   7.95643   8.13294   8.31215   8.67857   8.86574
   9.24796   9.44299   9.84091  10.24936  10.88210  11.31761  11.99217  12.93336
  13.67245  14.97092  16.63907  19.97588
   0.16682   0.19708   0.23165   0.27093   0.31533   0.36530   0.40673   0.46765
   0.53559   0.61121   0.69521   0.78840   0.86483   0.97620   1.09924   1.27095
   1.46423   1.50563   1.54797   1.58084   1.62474   1.66962   1.76230   1.81013
   1.90883   1.95971   2.06457   2.17363   2.34521   2.46500   2.65294   2.91921
   3.13091   3.50725   3.99912   5.02370
   0.00024   0.00027   0.00029   0.00032   0.00034   0.00037   0.00040   0.00043
   0.00047   0.00051   0.00055   0.00060   0.00063   0.00069   0.00075   0.00083
   0.00092   0.00094   0.00096   0.00098   0.00100   0.00102   0.00106   0.00109
   0.00113   0.00116   0.00121   0.00126   0.00134   0.00140   0.00149   0.00162
   0.00173   0.00192   0.00218   0.00273
  SUSO 1 asy
   0.72773   0.73613   0.74157   0.74672   0.75419   0.75910   0.76028   0.76100
   0.76606   0.77061   0.76986   0.76700   0.76909   0.77512   0.77541   0.76937
   0.77046   0.77150   0.77266   0.77147   0.77080   0.77041   0.77120   0.77219
   0.77378   0.77415   0.77410   0.77297   0.76948   0.76765   0.77072   0.77416
   0.77304   0.76521   0.77263   0.76503
   0.72822   0.73720   0.74519   0.75267   0.75957   0.76588   0.76990   0.77422
   0.77801   0.78191   0.78602   0.78951   0.79120   0.79262   0.79403   0.79707
   0.79994   0.80018   0.80032   0.79947   0.79960   0.79973   0.80003   0.80021
   0.80065   0.80093   0.80150   0.80195   0.80214   0.80199   0.80158   0.80123
   0.80154   0.80221   0.80055   0.79972
   0.67724   0.68875   0.69959   0.70973   0.71902   0.72749   0.73341   0.74079
   0.74754   0.75370   0.75943   0.76472   0.76837   0.77284   0.77700   0.78183
   0.78630   0.78715   0.78798   0.78859   0.78937   0.79012   0.79157   0.79226
   0.79359   0.79423   0.79545   0.79660   0.79820   0.79920   0.80066   0.80260
   0.80402   0.80610   0.80790   0.81028
   0.63978   0.65308   0.66507   0.67604   0.68630   0.69601   0.70293   0.71162
   0.71973   0.72728   0.73433   0.74089   0.74550   0.75131   0.75672   0.76283
   0.76829   0.76932   0.77034   0.77115   0.77215   0.77314   0.77507   0.77602
   0.77788   0.77879   0.78058   0.78232   0.78482   0.78639   0.78860   0.79131
   0.79321   0.79615   0.79933   0.80450
   0.54677   0.56084   0.57463   0.58835   0.60203   0.61554   0.62540   0.63793
   0.64956   0.66019   0.66986   0.67868   0.68483   0.69254   0.69983   0.70853
   0.71686   0.71847   0.72006   0.72123   0.72277   0.72429   0.72725   0.72870
   0.73153   0.73292   0.73564   0.73828   0.74210   0.74457   0.74815   0.75273
   0.75601   0.76119   0.76689   0.77584
   0.19514   0.21053   0.22658   0.24328   0.26059   0.27845   0.29215   0.31077
   0.32968   0.34876   0.36784   0.38675   0.40072   0.41892   0.43646   0.45723
   0.47650   0.48016   0.48375   0.48625   0.48971   0.49310   0.49970   0.50290
   0.50912   0.51213   0.51798   0.52359   0.53160   0.53669   0.54398   0.55312
   0.55961   0.56988   0.58153   0.60180
   0.00400   0.00423   0.00448   0.00474   0.00501   0.00529   0.00552   0.00582
   0.00614   0.00647   0.00682   0.00717   0.00744   0.00782   0.00820   0.00870
   0.00922   0.00932   0.00943   0.00954   0.00964   0.00975   0.00997   0.01008
   0.01030   0.01041   0.01064   0.01087   0.01122   0.01145   0.01181   0.01230
   0.01267   0.01331   0.01409   0.01559
  SUSO 1 ssa
   1.00000   1.00000   1.00000   1.00000   1.00000   1.00000   1.00000   1.00000
   1.00000   1.00000   1.00000   1.00000   1.00000   1.00000   1.00000   1.00000
   1.00000   1.00000   1.00000   1.00000   1.00000   1.00000   1.00000   1.00000
   1.00000   1.00000   1.00000   1.00000   1.00000   1.00000   1.00000   1.00000
   1.00000   1.00000   1.00000   1.00000
   1.00000   1.00000   1.00000   1.00000   1.00000   1.00000   1.00000   1.00000
   1.00000   1.00000   1.00000   1.00000   1.00000   1.00000   1.00000   1.00000
   1.00000   1.00000   1.00000   1.00000   1.00000   1.00000   1.00000   1.00000
   1.00000   1.00000   1.00000   1.00000   1.00000   1.00000   1.00000   1.00000
   1.00000   1.00000   1.00000   1.00000
   1.00000   1.00000   1.00000   1.00000   1.00000   1.00000   1.00000   1.00000
   1.00000   1.00000   1.00000   1.00000   1.00000   1.00000   1.00000   1.00000
   1.00000   1.00000   1.00000   1.00000   1.00000   1.00000   1.00000   1.00000
   1.00000   1.00000   1.00000   1.00000   1.00000   1.00000   1.00000   1.00000
   1.00000   1.00000   1.00000   1.00000
   1.00000   1.00000   1.00000   1.00000   1.00000   1.00000   1.00000   1.00000
   1.00000   1.00000   1.00000   1.00000   1.00000   1.00000   1.00000   1.00000
   1.00000   1.00000   1.00000   1.00000   1.00000   1.00000   1.00000   1.00000
   1.00000   1.00000   1.00000   1.00000   1.00000   1.00000   1.00000   1.00000
   1.00000   1.00000   1.00000   1.00000
   1.00000   1.00000   1.00000   1.00000   1.00000   1.00000   1.00000   1.00000
   1.00000   1.00000   1.00000   1.00000   1.00000   1.00000   1.00000   1.00000
   1.00000   1.00000   1.00000   1.00000   1.00000   1.00000   1.00000   1.00000
   1.00000   1.00000   1.00000   1.00000   1.00000   1.00000   1.00000   1.00000
   1.00000   1.00000   1.00000   1.00000
   0.99647   0.99669   0.99689   0.99706   0.99722   0.99737   0.99746   0.99758
   0.99769   0.99779   0.99788   0.99796   0.99802   0.99810   0.99817   0.99825
   0.99832   0.99834   0.99835   0.99836   0.99838   0.99839   0.99842   0.99843
   0.99846   0.99847   0.99849   0.99852   0.99855   0.99857   0.99861   0.99864
   0.99867   0.99872   0.99876   0.99884
   0.00114   0.00116   0.00118   0.00121   0.00124   0.00128   0.00131   0.00135
   0.00139   0.00144   0.00149   0.00155   0.00159   0.00165   0.00172   0.00180
   0.00190   0.00192   0.00194   0.00195   0.00197   0.00199   0.00203   0.00205
   0.00209   0.00212   0.00216   0.00220   0.00227   0.00232   0.00240   0.00250
   0.00258   0.00271   0.00289   0.00323
