  SALT 1 ext
   5.05002   6.11950   6.43790   6.73164   7.03002   7.34763   7.69632   8.08879
   8.54076   9.07344   9.71688  10.51519  11.53473  12.87661  14.69765  17.25561
  21.05365  22.04990  23.15974  24.40698  25.82249  27.44547  29.32418  31.51558
  34.08474  37.10831  40.68913  44.99194  50.31469  57.18630  66.30163  78.38275
  78.38275  78.38275  78.38275  78.38275
   2.01987   2.54028   2.70423   2.85889   3.01906   3.19259   3.38620   3.60727
   3.86490   4.17116   4.54269   5.00328   5.58821   6.35192   7.38343   8.84164
  11.05475  11.64478  12.30565  13.05196  13.90272  14.88286  16.02520  17.37317
  18.98384  20.93191  23.31514  26.26461  29.96862  34.73272  41.12864  50.30136
  50.30136  50.30136  50.30136  50.30136
   0.79814   1.03404   1.10754   1.17641   1.24724   1.32342   1.40779   1.50338
   1.61396   1.74453   1.90213   2.09720   2.34597   2.67522   3.13264   3.81135
   4.91680   5.22492   5.57534   5.97667   6.43977   6.97850   7.61069   8.35963
   9.25609  10.34157  11.67355  13.33466  15.45023  18.22486  22.02282  27.55261
  27.55261  27.55261  27.55261  27.55261
   0.46016   0.61055   0.65825   0.70325   0.74982   0.80021   0.85632   0.92027
   0.99463   1.08290   1.18994   1.32293   1.49289   1.71772   2.02857   2.48477
   3.21505   3.41656   3.64512   3.90645   4.20795   4.55939   4.97378   5.46887
   6.06921   6.80943   7.73931   8.93190  10.49683  12.60376  15.52839  19.76064
  19.76064  19.76064  19.76064  19.76064
   0.16350   0.22233   0.24142   0.25960   0.27860   0.29934   0.32267   0.34954
   0.38115   0.41916   0.46591   0.52495   0.60178   0.70556   0.85241   1.07324
   1.43453   1.53504   1.64917   1.77966   1.92999   2.10469   2.30966   2.55286
   2.84516   3.20188   3.64529   4.20908   4.94674   5.94866   7.37947   9.56741
   9.56741   9.56741   9.56741   9.56741
   0.01415   0.01899   0.02058   0.02210   0.02369   0.02544   0.02742   0.02971
   0.03242   0.03571   0.03981   0.04503   0.05194   0.06144   0.07523   0.09666
   0.13344   0.14403   0.15624   0.17043   0.18708   0.20682   0.23048   0.25925
   0.29475   0.33937   0.39662   0.47198   0.57421   0.71827   0.93128   1.26683
   1.26683   1.26683   1.26683   1.26683
   0.00553   0.01458   0.01743   0.02010   0.02285   0.02580   0.02905   0.03272
   0.03694   0.04187   0.04775   0.05491   0.06386   0.07536   0.09072   0.11226
   0.14462   0.15314   0.16261   0.17319   0.18510   0.19859   0.21400   0.23177
   0.25249   0.27696   0.30628   0.34205   0.38667   0.44386   0.51979   0.62546
   0.62546   0.62546   0.62546   0.62546
  SALT 1 sca
   5.04996   6.11944   6.43784   6.73158   7.02996   7.34757   7.69626   8.08873
   8.54070   9.07338   9.71682  10.51519  11.53473  12.87661  14.69765  17.25561
  21.05365  22.04990  23.15974  24.40698  25.82249  27.44547  29.32418  31.51558
  34.08474  37.10831  40.68913  44.99194  50.31469  57.18630  66.30163  78.38275
  78.38275  78.38275  78.38275  78.38275
   2.01987   2.54028   2.70423   2.85889   3.01906   3.19259   3.38620   3.60727
   3.86490   4.17116   4.54269   5.00328   5.58821   6.35192   7.38343   8.84164
  11.05475  11.64478  12.30565  13.05196  13.90272  14.88286  16.02520  17.37317
  18.98384  20.93191  23.31514  26.26461  29.96862  34.73272  41.12864  50.30136
  50.30136  50.30136  50.30136  50.30136
   0.79814   1.03404   1.10754   1.17641   1.24724   1.32342   1.40779   1.50338
   1.61396   1.74453   1.90213   2.09720   2.34597   2.67522   3.13264   3.81135
   4.91680   5.22492   5.57534   5.97667   6.43977   6.97850   7.61069   8.35963
   9.25609  10.34157  11.67355  13.33466  15.45023  18.22486  22.02282  27.55261
  27.55261  27.55261  27.55261  27.55261
   0.46016   0.61055   0.65825   0.70325   0.74982   0.80021   0.85632   0.92027
   0.99463   1.08290   1.18994   1.32293   1.49289   1.71772   2.02857   2.48477
   3.21505   3.41656   3.64512   3.90645   4.20795   4.55939   4.97378   5.46887
   6.06921   6.80943   7.73931   8.93190  10.49683  12.60376  15.52839  19.76064
  19.76064  19.76064  19.76064  19.76064
   0.16349   0.22232   0.24141   0.25959   0.27858   0.29933   0.32266   0.34952
   0.38114   0.41914   0.46590   0.52493   0.60178   0.70556   0.85241   1.07324
   1.43453   1.53504   1.64917   1.77966   1.92999   2.10469   2.30966   2.55286
   2.84516   3.20188   3.64529   4.20908   4.94674   5.94866   7.37947   9.56741
   9.56741   9.56741   9.56741   9.56741
   0.01238   0.01709   0.01864   0.02012   0.02168   0.02340   0.02534   0.02759
   0.03026   0.03350   0.03753   0.04269   0.04951   0.05891   0.07256   0.09381
   0.13031   0.14083   0.15296   0.16707   0.18362   0.20324   0.22677   0.25539
   0.29072   0.33514   0.39215   0.46720   0.56906   0.71264   0.92501   1.25966
   1.25966   1.25966   1.25966   1.25966
   0.00000   0.00001   0.00001   0.00001   0.00001   0.00001   0.00001   0.00001
   0.00001   0.00001   0.00001   0.00001   0.00001   0.00001   0.00002   0.00002
   0.00002   0.00003   0.00003   0.00003   0.00003   0.00004   0.00004   0.00004
   0.00005   0.00006   0.00006   0.00008   0.00009   0.00011   0.00014   0.00020
   0.00020   0.00020   0.00020   0.00020
  SALT 1 asy
   0.58458   0.60348   0.60852   0.61306   0.61760   0.62237   0.62757   0.63335
   0.63992   0.64750   0.65633   0.66666   0.67866   0.69232   0.70733   0.72307
   0.73923   0.74261   0.74610   0.74975   0.75363   0.75779   0.76228   0.76709
   0.77221   0.77760   0.78323   0.78913   0.79531   0.80171   0.80792   0.81362
   0.81362   0.81362   0.81362   0.81362
   0.40421   0.45655   0.47039   0.48238   0.49380   0.50511   0.51653   0.52820
   0.54018   0.55248   0.56506   0.57784   0.59072   0.60362   0.61672   0.63087
   0.64873   0.65323   0.65819   0.66371   0.66987   0.67675   0.68440   0.69285
   0.70202   0.71177   0.72187   0.73205   0.74212   0.75214   0.76266   0.77474
   0.77474   0.77474   0.77474   0.77474
   0.21556   0.24701   0.25620   0.26458   0.27298   0.28177   0.29125   0.30167
   0.31332   0.32655   0.34180   0.35965   0.38085   0.40641   0.43761   0.47591
   0.52221   0.53236   0.54275   0.55331   0.56400   0.57473   0.58543   0.59600
   0.60638   0.61657   0.62663   0.63684   0.64771   0.66019   0.67566   0.69562
   0.69562   0.69562   0.69562   0.69562
   0.15838   0.18100   0.18761   0.19364   0.19969   0.20605   0.21291   0.22047
   0.22898   0.23870   0.25001   0.26342   0.27967   0.29984   0.32563   0.35972
   0.40650   0.41791   0.43015   0.44327   0.45732   0.47233   0.48832   0.50526
   0.52305   0.54151   0.56034   0.57917   0.59751   0.61502   0.63181   0.64923
   0.64923   0.64923   0.64923   0.64923
   0.09235   0.10516   0.10887   0.11226   0.11564   0.11919   0.12302   0.12723
   0.13195   0.13733   0.14359   0.15100   0.15998   0.17117   0.18558   0.20500
   0.23282   0.23993   0.24773   0.25633   0.26587   0.27652   0.28847   0.30199
   0.31740   0.33511   0.35564   0.37966   0.40794   0.44136   0.48062   0.52550
   0.52550   0.52550   0.52550   0.52550
   0.02628   0.02990   0.03095   0.03190   0.03285   0.03384   0.03491   0.03608
   0.03739   0.03888   0.04061   0.04264   0.04510   0.04814   0.05202   0.05720
   0.06452   0.06637   0.06840   0.07062   0.07309   0.07583   0.07890   0.08237
   0.08633   0.09088   0.09620   0.10251   0.11013   0.11957   0.13160   0.14762
   0.14762   0.14762   0.14762   0.14762
   0.00050   0.00056   0.00057   0.00059   0.00061   0.00062   0.00064   0.00066
   0.00068   0.00071   0.00074   0.00077   0.00082   0.00087   0.00093   0.00102
   0.00115   0.00118   0.00122   0.00126   0.00130   0.00135   0.00140   0.00146
   0.00153   0.00161   0.00170   0.00181   0.00194   0.00211   0.00231   0.00259
   0.00259   0.00259   0.00259   0.00259
  SALT 1 ssa
   0.99999   0.99999   0.99999   0.99999   0.99999   0.99999   0.99999   0.99999
   0.99999   0.99999   0.99999   1.00000   1.00000   1.00000   1.00000   1.00000
   1.00000   1.00000   1.00000   1.00000   1.00000   1.00000   1.00000   1.00000
   1.00000   1.00000   1.00000   1.00000   1.00000   1.00000   1.00000   1.00000
   1.00000   1.00000   1.00000   1.00000
   1.00000   1.00000   1.00000   1.00000   1.00000   1.00000   1.00000   1.00000
   1.00000   1.00000   1.00000   1.00000   1.00000   1.00000   1.00000   1.00000
   1.00000   1.00000   1.00000   1.00000   1.00000   1.00000   1.00000   1.00000
   1.00000   1.00000   1.00000   1.00000   1.00000   1.00000   1.00000   1.00000
   1.00000   1.00000   1.00000   1.00000
   1.00000   1.00000   1.00000   1.00000   1.00000   1.00000   1.00000   1.00000
   1.00000   1.00000   1.00000   1.00000   1.00000   1.00000   1.00000   1.00000
   1.00000   1.00000   1.00000   1.00000   1.00000   1.00000   1.00000   1.00000
   1.00000   1.00000   1.00000   1.00000   1.00000   1.00000   1.00000   1.00000
   1.00000   1.00000   1.00000   1.00000
   1.00000   1.00000   1.00000   1.00000   1.00000   1.00000   1.00000   1.00000
   1.00000   1.00000   1.00000   1.00000   1.00000   1.00000   1.00000   1.00000
   1.00000   1.00000   1.00000   1.00000   1.00000   1.00000   1.00000   1.00000
   1.00000   1.00000   1.00000   1.00000   1.00000   1.00000   1.00000   1.00000
   1.00000   1.00000   1.00000   1.00000
   0.99992   0.99994   0.99994   0.99995   0.99995   0.99995   0.99995   0.99996
   0.99996   0.99996   0.99997   0.99997   1.00000   1.00000   1.00000   1.00000
   1.00000   1.00000   1.00000   1.00000   1.00000   1.00000   1.00000   1.00000
   1.00000   1.00000   1.00000   1.00000   1.00000   1.00000   1.00000   1.00000
   1.00000   1.00000   1.00000   1.00000
   0.87476   0.89969   0.90563   0.91061   0.91524   0.91972   0.92419   0.92869
   0.93330   0.93804   0.94294   0.94803   0.95332   0.95884   0.96457   0.97049
   0.97656   0.97779   0.97902   0.98024   0.98147   0.98269   0.98391   0.98513
   0.98634   0.98753   0.98872   0.98988   0.99103   0.99216   0.99326   0.99434
   0.99434   0.99434   0.99434   0.99434
   0.00083   0.00039   0.00034   0.00031   0.00029   0.00027   0.00025   0.00024
   0.00022   0.00021   0.00020   0.00019   0.00018   0.00017   0.00017   0.00017
   0.00017   0.00017   0.00017   0.00017   0.00018   0.00018   0.00018   0.00019
   0.00019   0.00020   0.00021   0.00022   0.00023   0.00025   0.00028   0.00031
   0.00031   0.00031   0.00031   0.00031
  SALT 2 ext
   3.92320   4.52008   4.74019   4.89318   5.05181   5.24457   5.42960   5.62340
   5.86708   6.09753   6.41769   6.75186   7.18007   7.68328   8.31436   9.13831
  10.19574  10.51001  10.79470  11.09178  11.60239  12.06707  12.29040  13.11444
  13.59966  13.87440  14.75170  15.57825  16.73382  18.04535  19.58566  22.03241
  22.03241  22.03241  22.03241  22.03241
   3.79288   4.40700   4.58778   4.74768   4.89883   5.06956   5.25906   5.44788
   5.67352   5.91421   6.20978   6.54858   6.97046   7.48636   8.13370   9.03409
  10.29293  10.61562  10.97600  11.35074  11.80667  12.27513  12.81713  13.42884
  14.10279  14.90457  15.79955  16.85887  18.10855  19.55892  21.36991  23.58377
  23.58377  23.58377  23.58377  23.58377
   3.52180   4.13567   4.31185   4.47029   4.62859   4.79422   4.97521   5.17949
   5.40904   5.66582   5.95943   6.30219   6.72882   7.25625   7.91080   8.80390
  10.02847  10.35061  10.69004  11.05850  11.46447  11.91478  12.44125  13.00783
  13.66299  14.41801  15.30474  16.36222  17.66087  19.26600  21.33587  24.10196
  24.10196  24.10196  24.10196  24.10196
   3.13802   3.71063   3.87930   4.03428   4.19152   4.35782   4.53707   4.73374
   4.95429   5.20690   5.50303   5.85824   6.29089   6.82103   7.50458   8.42978
   9.71623  10.04928  10.40795  10.79474  11.21861  11.68709  12.22827  12.82852
  13.49544  14.25267  15.17339  16.21051  17.48328  19.02589  21.04308  23.69620
  23.69620  23.69620  23.69620  23.69620
   2.22445   2.67520   2.81304   2.94158   3.07277   3.21208   3.36362   3.53156
   3.72099   3.93885   4.19531   4.50617   4.89528   5.39239   6.03651   6.91337
   8.21919   8.55253   8.91636   9.31637   9.76176  10.26536  10.83956  11.48752
  12.21737  13.05056  14.03755  15.21224  16.59040  18.30222  20.42513  23.20636
  23.20636  23.20636  23.20636  23.20636
   0.51837   0.66577   0.71066   0.75237   0.79497   0.84053   0.89073   0.94737
   1.01270   1.08972   1.18268   1.29785   1.44481   1.63873   1.90461   2.28678
   2.87568   3.03377   3.21117   3.41174   3.64041   3.90340   4.20860   4.56591
   4.98799   5.49176   6.10137   6.85395   7.80948   9.06316  10.75417  13.11954
  13.11954  13.11954  13.11954  13.11954
   0.00596   0.01634   0.01964   0.02274   0.02594   0.02937   0.03317   0.03746
   0.04240   0.04818   0.05509   0.06353   0.07408   0.08768   0.10589   0.13150
   0.17017   0.18039   0.19176   0.20449   0.21883   0.23511   0.25376   0.27531
   0.30051   0.33037   0.36629   0.41032   0.46554   0.53681   0.63226   0.76664
   0.76664   0.76664   0.76664   0.76664
  SALT 2 sca
   3.92312   4.52001   4.74011   4.89310   5.05173   5.24449   5.42952   5.62332
   5.86700   6.09745   6.41769   6.75186   7.18007   7.68328   8.31436   9.13831
  10.19574  10.51001  10.79470  11.09178  11.60239  12.06707  12.29040  13.11444
  13.59966  13.87440  14.75170  15.57825  16.73382  18.04535  19.58566  22.03241
  22.03241  22.03241  22.03241  22.03241
   3.79288   4.40700   4.58778   4.74768   4.89883   5.06956   5.25906   5.44788
   5.67352   5.91421   6.20978   6.54858   6.97046   7.48636   8.13370   9.03409
  10.29293  10.61562  10.97600  11.35074  11.80667  12.27513  12.81713  13.42884
  14.10279  14.90457  15.79955  16.85887  18.10855  19.55892  21.36991  23.58377
  23.58377  23.58377  23.58377  23.58377
   3.52180   4.13567   4.31185   4.47029   4.62859   4.79422   4.97521   5.17949
   5.40904   5.66582   5.95943   6.30219   6.72882   7.25625   7.91080   8.80390
  10.02847  10.35061  10.69004  11.05850  11.46447  11.91478  12.44125  13.00783
  13.66299  14.41801  15.30474  16.36222  17.66087  19.26600  21.33587  24.10196
  24.10196  24.10196  24.10196  24.10196
   3.13802   3.71063   3.87930   4.03428   4.19152   4.35782   4.53707   4.73374
   4.95429   5.20690   5.50303   5.85824   6.29089   6.82103   7.50458   8.42978
   9.71623  10.04928  10.40795  10.79474  11.21861  11.68709  12.22827  12.82852
  13.49544  14.25267  15.17339  16.21051  17.48328  19.02589  21.04308  23.69620
  23.69620  23.69620  23.69620  23.69620
   2.22443   2.67518   2.81301   2.94156   3.07275   3.21206   3.36360   3.53153
   3.72096   3.93882   4.19529   4.50614   4.89528   5.39239   6.03651   6.91337
   8.21919   8.55253   8.91636   9.31637   9.76176  10.26536  10.83956  11.48752
  12.21737  13.05056  14.03755  15.21224  16.59040  18.30222  20.42513  23.20636
  23.20636  23.20636  23.20636  23.20636
   0.51562   0.66280   0.70763   0.74929   0.79184   0.83735   0.88749   0.94407
   1.00933   1.08626   1.17913   1.29418   1.44100   1.63474   1.90039   2.28226
   2.87071   3.02869   3.20596   3.40638   3.63488   3.89770   4.20268   4.55975
   4.98155   5.48499   6.09421   6.84631   7.80122   9.05411  10.74408  13.10802
  13.10802  13.10802  13.10802  13.10802
   0.00033   0.00042   0.00045   0.00047   0.00050   0.00053   0.00056   0.00060
   0.00064   0.00069   0.00075   0.00083   0.00092   0.00106   0.00125   0.00154
   0.00203   0.00217   0.00233   0.00251   0.00273   0.00299   0.00329   0.00366
   0.00412   0.00469   0.00542   0.00639   0.00770   0.00955   0.01230   0.01670
   0.01670   0.01670   0.01670   0.01670
  SALT 2 asy
   0.67542   0.70249   0.70269   0.70999   0.71295   0.71536   0.71960   0.72311
   0.72690   0.73228   0.73490   0.73907   0.74357   0.74728   0.75114   0.75486
   0.76109   0.76015   0.76204   0.76223   0.76263   0.76468   0.76282   0.76566
   0.76328   0.76748   0.76687   0.76869   0.76727   0.76684   0.76948   0.77201
   0.77201   0.77201   0.77201   0.77201
   0.68544   0.70453   0.70872   0.71294   0.71657   0.71885   0.72158   0.72583
   0.72875   0.73322   0.73512   0.74012   0.74352   0.74660   0.75236   0.75749
   0.76452   0.76555   0.76712   0.76884   0.76978   0.77233   0.77310   0.77548
   0.77687   0.77805   0.78024   0.78100   0.78161   0.78240   0.78185   0.78291
   0.78291   0.78291   0.78291   0.78291
   0.70246   0.72227   0.72728   0.73133   0.73492   0.73823   0.74126   0.74433
   0.74783   0.75167   0.75554   0.75915   0.76225   0.76647   0.77037   0.77360
   0.77666   0.77702   0.77799   0.77868   0.77940   0.77956   0.77970   0.78072
   0.78107   0.78123   0.78251   0.78290   0.78376   0.78459   0.78658   0.78861
   0.78861   0.78861   0.78861   0.78861
   0.70699   0.72704   0.73167   0.73551   0.73909   0.74267   0.74633   0.75004
   0.75377   0.75753   0.76134   0.76526   0.76966   0.77417   0.77836   0.78299
   0.78676   0.78746   0.78837   0.78921   0.78985   0.79014   0.79013   0.79085
   0.79126   0.79112   0.79088   0.79097   0.78989   0.79016   0.78978   0.78985
   0.78985   0.78985   0.78985   0.78985
   0.68554   0.70727   0.71257   0.71712   0.72145   0.72572   0.73000   0.73436
   0.73884   0.74349   0.74841   0.75374   0.75970   0.76632   0.77314   0.77997
   0.78820   0.78998   0.79169   0.79329   0.79476   0.79619   0.79776   0.79951
   0.80118   0.80252   0.80352   0.80479   0.80562   0.80552   0.80573   0.80429
   0.80429   0.80429   0.80429   0.80429
   0.51132   0.53955   0.54648   0.55249   0.55828   0.56417   0.57035   0.57700
   0.58432   0.59249   0.60177   0.61239   0.62458   0.63850   0.65411   0.67129
   0.69031   0.69446   0.69879   0.70334   0.70815   0.71325   0.71866   0.72441
   0.73047   0.73688   0.74367   0.75092   0.75873   0.76705   0.77562   0.78473
   0.78473   0.78473   0.78473   0.78473
   0.01089   0.01240   0.01284   0.01324   0.01364   0.01405   0.01450   0.01500
   0.01555   0.01618   0.01691   0.01777   0.01880   0.02009   0.02174   0.02393
   0.02704   0.02783   0.02869   0.02964   0.03069   0.03186   0.03317   0.03465
   0.03634   0.03828   0.04056   0.04325   0.04651   0.05054   0.05568   0.06252
   0.06252   0.06252   0.06252   0.06252
  SALT 2 ssa
   0.99998   0.99998   0.99998   0.99998   0.99998   0.99999   0.99999   0.99999
   0.99999   0.99999   1.00000   1.00000   1.00000   1.00000   1.00000   1.00000
   1.00000   1.00000   1.00000   1.00000   1.00000   1.00000   1.00000   1.00000
   1.00000   1.00000   1.00000   1.00000   1.00000   1.00000   1.00000   1.00000
   1.00000   1.00000   1.00000   1.00000
   1.00000   1.00000   1.00000   1.00000   1.00000   1.00000   1.00000   1.00000
   1.00000   1.00000   1.00000   1.00000   1.00000   1.00000   1.00000   1.00000
   1.00000   1.00000   1.00000   1.00000   1.00000   1.00000   1.00000   1.00000
   1.00000   1.00000   1.00000   1.00000   1.00000   1.00000   1.00000   1.00000
   1.00000   1.00000   1.00000   1.00000
   1.00000   1.00000   1.00000   1.00000   1.00000   1.00000   1.00000   1.00000
   1.00000   1.00000   1.00000   1.00000   1.00000   1.00000   1.00000   1.00000
   1.00000   1.00000   1.00000   1.00000   1.00000   1.00000   1.00000   1.00000
   1.00000   1.00000   1.00000   1.00000   1.00000   1.00000   1.00000   1.00000
   1.00000   1.00000   1.00000   1.00000
   1.00000   1.00000   1.00000   1.00000   1.00000   1.00000   1.00000   1.00000
   1.00000   1.00000   1.00000   1.00000   1.00000   1.00000   1.00000   1.00000
   1.00000   1.00000   1.00000   1.00000   1.00000   1.00000   1.00000   1.00000
   1.00000   1.00000   1.00000   1.00000   1.00000   1.00000   1.00000   1.00000
   1.00000   1.00000   1.00000   1.00000
   0.99999   0.99999   0.99999   0.99999   0.99999   0.99999   0.99999   0.99999
   0.99999   0.99999   0.99999   0.99999   1.00000   1.00000   1.00000   1.00000
   1.00000   1.00000   1.00000   1.00000   1.00000   1.00000   1.00000   1.00000
   1.00000   1.00000   1.00000   1.00000   1.00000   1.00000   1.00000   1.00000
   1.00000   1.00000   1.00000   1.00000
   0.99468   0.99554   0.99574   0.99591   0.99606   0.99621   0.99636   0.99651
   0.99667   0.99683   0.99700   0.99717   0.99736   0.99757   0.99779   0.99802
   0.99827   0.99832   0.99838   0.99843   0.99848   0.99854   0.99859   0.99865
   0.99871   0.99877   0.99883   0.99888   0.99894   0.99900   0.99906   0.99912
   0.99912   0.99912   0.99912   0.99912
   0.05610   0.02583   0.02287   0.02087   0.01931   0.01801   0.01690   0.01592
   0.01506   0.01428   0.01360   0.01299   0.01248   0.01207   0.01180   0.01171
   0.01192   0.01202   0.01214   0.01229   0.01247   0.01270   0.01297   0.01330
   0.01370   0.01419   0.01480   0.01556   0.01653   0.01779   0.01946   0.02178
   0.02178   0.02178   0.02178   0.02178
  SALT 3 ext
   0.73223   0.83605   0.88353   0.91770   0.94933   0.99725   1.02249   1.06009
   1.11559   1.14597   1.18059   1.27753   1.36040   1.45706   1.59088   1.74910
   1.97633   2.05619   2.11098   2.21013   2.29844   2.36463   2.48754   2.58265
   2.74141   2.84189   3.00886   3.22452   3.47060   3.77134   4.13927   4.68067
   4.68067   4.68067   4.68067   4.68067
   0.73237   0.87481   0.90127   0.94801   0.97468   1.01770   1.05973   1.11451
   1.13800   1.19715   1.29348   1.34318   1.42909   1.52337   1.61257   1.83417
   2.04820   2.11080   2.16904   2.25381   2.34663   2.44612   2.51526   2.58453
   2.75972   2.86769   3.07774   3.29052   3.51497   3.76408   4.12395   4.73206
   4.73206   4.73206   4.73206   4.73206
   0.74135   0.89473   0.92708   0.95577   0.99269   1.01703   1.06963   1.10021
   1.16444   1.21065   1.26881   1.32762   1.41299   1.52431   1.66651   1.82909
   2.04366   2.11313   2.18531   2.25960   2.41644   2.42957   2.55525   2.69109
   2.91226   3.01570   3.19302   3.43289   3.58514   3.89802   4.32934   4.83758
   4.83758   4.83758   4.83758   4.83758
   0.75595   0.91552   0.92789   0.98916   0.99950   1.04383   1.08156   1.12254
   1.17661   1.21770   1.27607   1.35032   1.43322   1.53233   1.68257   1.84986
   2.08707   2.15617   2.21373   2.29024   2.38571   2.49513   2.55300   2.72621
   2.82340   2.92687   3.12310   3.41613   3.61206   3.94424   4.37670   4.90942
   4.90942   4.90942   4.90942   4.90942
   0.84179   0.99233   1.04040   1.07193   1.12029   1.14799   1.20379   1.23802
   1.28508   1.36306   1.42194   1.49097   1.58120   1.68704   1.79287   1.96037
   2.18639   2.25468   2.30069   2.37457   2.43548   2.50868   2.64731   2.73154
   2.84683   3.01659   3.22138   3.39036   3.67440   4.01502   4.43323   4.88924
   4.88924   4.88924   4.88924   4.88924
   1.13182   1.31923   1.37531   1.42478   1.47228   1.51999   1.56986   1.62483
   1.68838   1.75953   1.83677   1.92183   2.02541   2.14934   2.28975   2.47586
   2.71085   2.76766   2.82633   2.88841   2.96357   3.04665   3.13315   3.22898
   3.35064   3.48217   3.65101   3.85069   4.11147   4.44492   4.89202   5.52588
   5.52588   5.52588   5.52588   5.52588
   0.01987   0.03631   0.04141   0.04617   0.05103   0.05623   0.06193   0.06833
   0.07565   0.08418   0.09430   0.10658   0.12183   0.14136   0.16732   0.20359
   0.25794   0.27225   0.28814   0.30592   0.32592   0.34861   0.37456   0.40453
   0.43955   0.48101   0.53088   0.59202   0.66872   0.76777   0.90052   1.08746
   1.08746   1.08746   1.08746   1.08746
  SALT 3 sca
   0.73216   0.83599   0.88346   0.91764   0.94927   0.99718   1.02243   1.06003
   1.11552   1.14591   1.18059   1.27753   1.36040   1.45706   1.59088   1.74910
   1.97633   2.05619   2.11098   2.21013   2.29844   2.36463   2.48754   2.58265
   2.74141   2.84189   3.00886   3.22452   3.47060   3.77134   4.13927   4.68067
   4.68067   4.68067   4.68067   4.68067
   0.73237   0.87481   0.90127   0.94801   0.97468   1.01770   1.05973   1.11451
   1.13800   1.19715   1.29348   1.34318   1.42909   1.52337   1.61257   1.83417
   2.04820   2.11080   2.16904   2.25381   2.34663   2.44612   2.51526   2.58453
   2.75972   2.86769   3.07774   3.29052   3.51497   3.76408   4.12395   4.73206
   4.73206   4.73206   4.73206   4.73206
   0.74135   0.89473   0.92708   0.95577   0.99269   1.01703   1.06963   1.10021
   1.16444   1.21065   1.26881   1.32762   1.41299   1.52431   1.66651   1.82909
   2.04366   2.11313   2.18531   2.25960   2.41644   2.42957   2.55525   2.69109
   2.91226   3.01570   3.19302   3.43289   3.58514   3.89802   4.32934   4.83758
   4.83758   4.83758   4.83758   4.83758
   0.75595   0.91552   0.92789   0.98916   0.99950   1.04383   1.08156   1.12254
   1.17661   1.21770   1.27607   1.35032   1.43322   1.53233   1.68257   1.84986
   2.08707   2.15617   2.21373   2.29024   2.38571   2.49513   2.55300   2.72621
   2.82340   2.92687   3.12310   3.41613   3.61206   3.94424   4.37670   4.90942
   4.90942   4.90942   4.90942   4.90942
   0.84176   0.99230   1.04037   1.07190   1.12026   1.14796   1.20376   1.23799
   1.28505   1.36303   1.42191   1.49097   1.58120   1.68704   1.79287   1.96037
   2.18639   2.25468   2.30069   2.37457   2.43548   2.50868   2.64731   2.73154
   2.84683   3.01659   3.22138   3.39036   3.67440   4.01502   4.43323   4.88924
   4.88924   4.88924   4.88924   4.88924
   1.12772   1.31502   1.37104   1.42047   1.46793   1.51561   1.56544   1.62036
   1.68383   1.75490   1.83206   1.91703   2.02045   2.14420   2.28440   2.47016
   2.70465   2.76133   2.81987   2.88179   2.95675   3.03961   3.12589   3.22145
   3.34277   3.47395   3.64228   3.84144   4.10150   4.43405   4.88004   5.51224
   5.51224   5.51224   5.51224   5.51224
   0.01316   0.01600   0.01684   0.01762   0.01841   0.01925   0.02017   0.02121
   0.02240   0.02379   0.02546   0.02751   0.03009   0.03346   0.03806   0.04471
   0.05510   0.05792   0.06108   0.06467   0.06876   0.07346   0.07892   0.08534
   0.09297   0.10219   0.11354   0.12780   0.14623   0.17086   0.20524   0.25610
   0.25610   0.25610   0.25610   0.25610
  SALT 3 asy
   0.76696   0.78296   0.78171   0.78435   0.78365   0.79018   0.78830   0.79508
   0.79829   0.79747   0.80115   0.80628   0.80849   0.81249   0.81251   0.81848
   0.81844   0.82506   0.82314   0.82779   0.82936   0.82425   0.83115   0.83222
   0.83444   0.83113   0.83163   0.84063   0.83807   0.83708   0.84751   0.84768
   0.84768   0.84768   0.84768   0.84768
   0.74584   0.76045   0.76555   0.76915   0.76862   0.77636   0.78140   0.77770
   0.78627   0.78880   0.78487   0.78613   0.78932   0.79754   0.80833   0.81265
   0.81790   0.81209   0.82050   0.81253   0.82706   0.82420   0.81823   0.81703
   0.82895   0.82915   0.83102   0.83498   0.82996   0.83446   0.83855   0.84559
   0.84559   0.84559   0.84559   0.84559
   0.70882   0.72986   0.73438   0.73784   0.73582   0.74524   0.74129   0.75181
   0.75384   0.75043   0.75917   0.76349   0.76767   0.77256   0.77794   0.78588
   0.78538   0.79651   0.79113   0.79679   0.80055   0.80129   0.80744   0.81030
   0.81418   0.81142   0.81376   0.82109   0.82217   0.82068   0.82759   0.83071
   0.83071   0.83071   0.83071   0.83071
   0.70298   0.71071   0.72401   0.71026   0.73084   0.72196   0.73364   0.73629
   0.72943   0.74239   0.75273   0.75330   0.75663   0.76369   0.76529   0.77466
   0.77970   0.78604   0.77994   0.78774   0.78637   0.78919   0.79449   0.79548
   0.79168   0.79089   0.79396   0.80418   0.81345   0.80918   0.82170   0.82537
   0.82537   0.82537   0.82537   0.82537
   0.67942   0.70115   0.70169   0.71061   0.70816   0.71888   0.71639   0.72393
   0.73198   0.72623   0.73066   0.73680   0.73956   0.74518   0.75561   0.75739
   0.76274   0.75742   0.76222   0.76314   0.76715   0.76869   0.76816   0.76859
   0.77970   0.77406   0.78427   0.78500   0.78649   0.79733   0.79771   0.80546
   0.80546   0.80546   0.80546   0.80546
   0.74607   0.76205   0.76547   0.76866   0.77164   0.77428   0.77643   0.77796
   0.77928   0.78114   0.78311   0.78423   0.78395   0.78465   0.78358   0.78102
   0.77576   0.77479   0.77394   0.77215   0.76960   0.76815   0.76681   0.76414
   0.76193   0.76111   0.75807   0.75833   0.75782   0.75872   0.76430   0.76990
   0.76990   0.76990   0.76990   0.76990
   0.10527   0.12170   0.12650   0.13089   0.13529   0.13991   0.14490   0.15040
   0.15657   0.16362   0.17181   0.18151   0.19325   0.20783   0.22650   0.25139
   0.28633   0.29508   0.30461   0.31500   0.32640   0.33893   0.35277   0.36812
   0.38521   0.40431   0.42575   0.44987   0.47703   0.50757   0.54172   0.57950
   0.57950   0.57950   0.57950   0.57950
  SALT 3 ssa
   0.99991   0.99992   0.99993   0.99993   0.99993   0.99994   0.99994   0.99994
   0.99994   0.99995   1.00000   1.00000   1.00000   1.00000   1.00000   1.00000
   1.00000   1.00000   1.00000   1.00000   1.00000   1.00000   1.00000   1.00000
   1.00000   1.00000   1.00000   1.00000   1.00000   1.00000   1.00000   1.00000
   1.00000   1.00000   1.00000   1.00000
   1.00000   1.00000   1.00000   1.00000   1.00000   1.00000   1.00000   1.00000
   1.00000   1.00000   1.00000   1.00000   1.00000   1.00000   1.00000   1.00000
   1.00000   1.00000   1.00000   1.00000   1.00000   1.00000   1.00000   1.00000
   1.00000   1.00000   1.00000   1.00000   1.00000   1.00000   1.00000   1.00000
   1.00000   1.00000   1.00000   1.00000
   1.00000   1.00000   1.00000   1.00000   1.00000   1.00000   1.00000   1.00000
   1.00000   1.00000   1.00000   1.00000   1.00000   1.00000   1.00000   1.00000
   1.00000   1.00000   1.00000   1.00000   1.00000   1.00000   1.00000   1.00000
   1.00000   1.00000   1.00000   1.00000   1.00000   1.00000   1.00000   1.00000
   1.00000   1.00000   1.00000   1.00000
   1.00000   1.00000   1.00000   1.00000   1.00000   1.00000   1.00000   1.00000
   1.00000   1.00000   1.00000   1.00000   1.00000   1.00000   1.00000   1.00000
   1.00000   1.00000   1.00000   1.00000   1.00000   1.00000   1.00000   1.00000
   1.00000   1.00000   1.00000   1.00000   1.00000   1.00000   1.00000   1.00000
   1.00000   1.00000   1.00000   1.00000
   0.99997   0.99997   0.99997   0.99997   0.99997   0.99997   0.99997   0.99998
   0.99998   0.99998   0.99998   1.00000   1.00000   1.00000   1.00000   1.00000
   1.00000   1.00000   1.00000   1.00000   1.00000   1.00000   1.00000   1.00000
   1.00000   1.00000   1.00000   1.00000   1.00000   1.00000   1.00000   1.00000
   1.00000   1.00000   1.00000   1.00000
   0.99637   0.99681   0.99689   0.99697   0.99705   0.99712   0.99719   0.99725
   0.99730   0.99737   0.99743   0.99750   0.99755   0.99761   0.99766   0.99770
   0.99771   0.99771   0.99771   0.99771   0.99770   0.99769   0.99768   0.99767
   0.99765   0.99764   0.99761   0.99760   0.99757   0.99756   0.99755   0.99753
   0.99753   0.99753   0.99753   0.99753
   0.66248   0.44060   0.40665   0.38160   0.36073   0.34237   0.32573   0.31039
   0.29607   0.28263   0.26998   0.25808   0.24696   0.23670   0.22747   0.21959
   0.21362   0.21274   0.21199   0.21139   0.21096   0.21072   0.21071   0.21096
   0.21151   0.21245   0.21386   0.21587   0.21867   0.22254   0.22792   0.23550
   0.23550   0.23550   0.23550   0.23550
  SALT 4 ext
   0.28582   0.34184   0.35889   0.37240   0.38943   0.40291   0.41589   0.43551
   0.45656   0.47778   0.50003   0.52280   0.56763   0.59570   0.66111   0.74252
   0.84508   0.86978   0.89264   0.92710   0.96338   1.00284   1.04333   1.09021
   1.14782   1.21823   1.28349   1.38313   1.47665   1.60857   1.77050   1.98996
   1.98996   1.98996   1.98996   1.98996
   0.29012   0.34466   0.36276   0.37069   0.39121   0.40036   0.41719   0.43583
   0.45461   0.47661   0.50227   0.53810   0.57094   0.61839   0.66033   0.74053
   0.84456   0.87611   0.89424   0.93785   0.97327   1.01132   1.04549   1.10372
   1.15797   1.23396   1.29155   1.37979   1.49328   1.62552   1.79664   2.00311
   2.00311   2.00311   2.00311   2.00311
   0.29551   0.35698   0.36597   0.38817   0.39387   0.41952   0.42432   0.44691
   0.46350   0.49105   0.51564   0.54155   0.58353   0.61698   0.68147   0.75716
   0.85880   0.89008   0.92565   0.94647   0.98494   1.02590   1.07081   1.11410
   1.15620   1.23388   1.31298   1.40384   1.48745   1.64919   1.80955   2.02185
   2.02185   2.02185   2.02185   2.02185
   0.30163   0.36193   0.37329   0.39338   0.40062   0.42195   0.43610   0.45329
   0.47620   0.49828   0.52199   0.55656   0.59095   0.63564   0.68487   0.75862
   0.86547   0.89297   0.92170   0.95197   0.99178   1.02213   1.06834   1.12474
   1.18950   1.23854   1.32421   1.41201   1.52211   1.64665   1.81431   2.04256
   2.04256   2.04256   2.04256   2.04256
   0.30094   0.36031   0.37751   0.38757   0.40518   0.41654   0.43808   0.44660
   0.46900   0.48776   0.50947   0.54461   0.58333   0.62511   0.68518   0.75853
   0.87676   0.90581   0.93768   0.97347   1.01857   1.06316   1.09152   1.15981
   1.19995   1.28082   1.34127   1.43847   1.51103   1.66116   1.83029   2.06337
   2.06337   2.06337   2.06337   2.06337
   0.30849   0.36773   0.38189   0.39376   0.41148   0.42336   0.44169   0.45624
   0.48024   0.50044   0.52193   0.55506   0.59253   0.63645   0.70261   0.78601
   0.91004   0.94678   0.97653   1.01908   1.05324   1.10264   1.15778   1.21157
   1.28141   1.35735   1.44206   1.53395   1.66141   1.80102   1.96026   2.13573
   2.13573   2.13573   2.13573   2.13573
   0.11067   0.12977   0.13568   0.14118   0.14680   0.15282   0.15943   0.16685
   0.17534   0.18523   0.19698   0.21121   0.22888   0.25146   0.28140   0.32307
   0.38514   0.40139   0.41940   0.43949   0.46203   0.48749   0.51650   0.54984
   0.58857   0.63412   0.68846   0.75441   0.83616   0.94021   1.07717   1.26580
   1.26580   1.26580   1.26580   1.26580
  SALT 4 sca
   0.28577   0.34179   0.35883   0.37234   0.38938   0.40285   0.41583   0.43546
   0.45651   0.47778   0.50003   0.52280   0.56763   0.59570   0.66111   0.74252
   0.84508   0.86978   0.89264   0.92710   0.96338   1.00284   1.04333   1.09021
   1.14782   1.21823   1.28349   1.38313   1.47665   1.60857   1.77050   1.98996
   1.98996   1.98996   1.98996   1.98996
   0.29012   0.34466   0.36276   0.37069   0.39121   0.40036   0.41719   0.43583
   0.45461   0.47661   0.50227   0.53810   0.57094   0.61839   0.66033   0.74053
   0.84456   0.87611   0.89424   0.93785   0.97327   1.01132   1.04549   1.10372
   1.15797   1.23396   1.29155   1.37979   1.49328   1.62552   1.79664   2.00311
   2.00311   2.00311   2.00311   2.00311
   0.29551   0.35698   0.36597   0.38817   0.39387   0.41952   0.42432   0.44691
   0.46350   0.49105   0.51564   0.54155   0.58353   0.61698   0.68147   0.75716
   0.85880   0.89008   0.92565   0.94647   0.98494   1.02590   1.07081   1.11410
   1.15620   1.23388   1.31298   1.40384   1.48745   1.64919   1.80955   2.02185
   2.02185   2.02185   2.02185   2.02185
   0.30163   0.36193   0.37329   0.39338   0.40062   0.42195   0.43610   0.45329
   0.47620   0.49828   0.52199   0.55656   0.59095   0.63564   0.68487   0.75862
   0.86547   0.89297   0.92170   0.95197   0.99178   1.02213   1.06834   1.12474
   1.18950   1.23854   1.32421   1.41201   1.52211   1.64665   1.81431   2.04256
   2.04256   2.04256   2.04256   2.04256
   0.30092   0.36029   0.37749   0.38754   0.40516   0.41651   0.43806   0.44658
   0.46898   0.48774   0.50947   0.54461   0.58333   0.62511   0.68518   0.75853
   0.87676   0.90581   0.93768   0.97347   1.01857   1.06316   1.09152   1.15981
   1.19995   1.28082   1.34127   1.43847   1.51103   1.66116   1.83029   2.06337
   2.06337   2.06337   2.06337   2.06337
   0.30461   0.36350   0.37773   0.38963   0.40720   0.41920   0.43735   0.45182
   0.47571   0.49591   0.51737   0.55047   0.58779   0.63152   0.69741   0.78044
   0.90410   0.94076   0.97031   1.01257   1.04674   1.09610   1.15090   1.20436
   1.27391   1.34947   1.43398   1.52499   1.65217   1.79079   1.94916   2.12263
   2.12263   2.12263   2.12263   2.12263
   0.10077   0.10153   0.10223   0.10301   0.10393   0.10503   0.10635   0.10796
   0.10994   0.11241   0.11553   0.11953   0.12479   0.13187   0.14176   0.15626
   0.17905   0.18520   0.19211   0.19990   0.20875   0.21887   0.23055   0.24415
   0.26016   0.27927   0.30240   0.33093   0.36688   0.41345   0.47593   0.56373
   0.56373   0.56373   0.56373   0.56373
  SALT 4 asy
   0.79219   0.80722   0.81004   0.81083   0.81556   0.81598   0.81854   0.82142
   0.82344   0.82667   0.82789   0.83284   0.83630   0.83486   0.83758   0.84331
   0.84719   0.84631   0.84995   0.84753   0.85350   0.85009   0.85284   0.85508
   0.85473   0.85436   0.85249   0.85381   0.85760   0.85954   0.86277   0.86053
   0.86053   0.86053   0.86053   0.86053
   0.78993   0.80044   0.80380   0.80731   0.80887   0.80982   0.81488   0.81363
   0.81490   0.81733   0.82523   0.82742   0.82702   0.83370   0.83623   0.83885
   0.84361   0.83988   0.84565   0.84305   0.84415   0.84479   0.85353   0.84893
   0.85214   0.84912   0.85363   0.85411   0.85388   0.85458   0.85900   0.86161
   0.86161   0.86161   0.86161   0.86161
   0.77439   0.78709   0.79324   0.79331   0.80054   0.79509   0.80527   0.80169
   0.80943   0.81488   0.80777   0.81061   0.81945   0.82146   0.82673   0.82984
   0.83528   0.83624   0.83783   0.83793   0.83969   0.84352   0.84529   0.84349
   0.84429   0.84945   0.84546   0.84928   0.85134   0.85269   0.85480   0.85563
   0.85563   0.85563   0.85563   0.85563
   0.77551   0.78808   0.79384   0.79416   0.79770   0.79659   0.80291   0.80583
   0.80938   0.81279   0.81402   0.81466   0.81654   0.81811   0.82587   0.82669
   0.82914   0.83246   0.83295   0.83559   0.83577   0.83650   0.84003   0.83862
   0.84186   0.84392   0.84566   0.84793   0.84778   0.85131   0.85061   0.85419
   0.85419   0.85419   0.85419   0.85419
   0.76524   0.78653   0.78241   0.79084   0.78712   0.79706   0.78977   0.79488
   0.80048   0.80057   0.80440   0.81068   0.81602   0.81869   0.81964   0.82674
   0.83068   0.83049   0.83805   0.83080   0.83663   0.83513   0.83519   0.84081
   0.83466   0.83894   0.83705   0.84019   0.83731   0.84378   0.84482   0.84854
   0.84854   0.84854   0.84854   0.84854
   0.66455   0.69156   0.69323   0.70204   0.70161   0.70749   0.70582   0.71669
   0.71737   0.72188   0.72587   0.73454   0.74304   0.74533   0.75365   0.76748
   0.77987   0.77748   0.78461   0.78132   0.78718   0.79272   0.79773   0.79812
   0.80973   0.81065   0.81032   0.81644   0.82474   0.82559   0.83079   0.82984
   0.82984   0.82984   0.82984   0.82984
   0.56571   0.60550   0.61525   0.62359   0.63152   0.63939   0.64745   0.65585
   0.66473   0.67424   0.68454   0.69581   0.70827   0.72221   0.73802   0.75623
   0.77752   0.78222   0.78708   0.79211   0.79733   0.80274   0.80837   0.81424
   0.82037   0.82677   0.83348   0.84054   0.84799   0.85594   0.86455   0.87409
   0.87409   0.87409   0.87409   0.87409
  SALT 4 ssa
   0.99980   0.99984   0.99984   0.99985   0.99986   0.99986   0.99987   0.99987
   0.99987   1.00000   1.00000   1.00000   1.00000   1.00000   1.00000   1.00000
   1.00000   1.00000   1.00000   1.00000   1.00000   1.00000   1.00000   1.00000
   1.00000   1.00000   1.00000   1.00000   1.00000   1.00000   1.00000   1.00000
   1.00000   1.00000   1.00000   1.00000
   1.00000   1.00000   1.00000   1.00000   1.00000   1.00000   1.00000   1.00000
   1.00000   1.00000   1.00000   1.00000   1.00000   1.00000   1.00000   1.00000
   1.00000   1.00000   1.00000   1.00000   1.00000   1.00000   1.00000   1.00000
   1.00000   1.00000   1.00000   1.00000   1.00000   1.00000   1.00000   1.00000
   1.00000   1.00000   1.00000   1.00000
   1.00000   1.00000   1.00000   1.00000   1.00000   1.00000   1.00000   1.00000
   1.00000   1.00000   1.00000   1.00000   1.00000   1.00000   1.00000   1.00000
   1.00000   1.00000   1.00000   1.00000   1.00000   1.00000   1.00000   1.00000
   1.00000   1.00000   1.00000   1.00000   1.00000   1.00000   1.00000   1.00000
   1.00000   1.00000   1.00000   1.00000
   1.00000   1.00000   1.00000   1.00000   1.00000   1.00000   1.00000   1.00000
   1.00000   1.00000   1.00000   1.00000   1.00000   1.00000   1.00000   1.00000
   1.00000   1.00000   1.00000   1.00000   1.00000   1.00000   1.00000   1.00000
   1.00000   1.00000   1.00000   1.00000   1.00000   1.00000   1.00000   1.00000
   1.00000   1.00000   1.00000   1.00000
   0.99991   0.99993   0.99993   0.99994   0.99994   0.99994   0.99994   0.99994
   0.99994   0.99995   1.00000   1.00000   1.00000   1.00000   1.00000   1.00000
   1.00000   1.00000   1.00000   1.00000   1.00000   1.00000   1.00000   1.00000
   1.00000   1.00000   1.00000   1.00000   1.00000   1.00000   1.00000   1.00000
   1.00000   1.00000   1.00000   1.00000
   0.98741   0.98849   0.98908   0.98952   0.98958   0.99017   0.99015   0.99033
   0.99057   0.99096   0.99127   0.99174   0.99200   0.99225   0.99261   0.99292
   0.99348   0.99364   0.99364   0.99361   0.99383   0.99406   0.99405   0.99405
   0.99415   0.99420   0.99440   0.99416   0.99444   0.99432   0.99434   0.99387
   0.99387   0.99387   0.99387   0.99387
   0.91052   0.78238   0.75346   0.72966   0.70796   0.68728   0.66708   0.64706
   0.62702   0.60686   0.58650   0.56594   0.54521   0.52442   0.50377   0.48367
   0.46489   0.46141   0.45806   0.45485   0.45181   0.44897   0.44637   0.44403
   0.44202   0.44040   0.43925   0.43866   0.43876   0.43974   0.44183   0.44536
   0.44536   0.44536   0.44536   0.44536
  SALT 5 ext
   0.09611   0.11706   0.12294   0.12783   0.13221   0.13813   0.14304   0.14895
   0.15721   0.16418   0.17401   0.18481   0.19663   0.21336   0.23347   0.26043
   0.29842   0.30717   0.31739   0.32897   0.34211   0.35492   0.37065   0.38788
   0.40907   0.43188   0.45794   0.49051   0.52812   0.57590   0.63444   0.71544
   0.71544   0.71544   0.71544   0.71544
   0.09688   0.11800   0.12306   0.12756   0.13372   0.13722   0.14376   0.14978
   0.15789   0.16512   0.17561   0.18563   0.19874   0.21426   0.23572   0.26191
   0.29939   0.30878   0.31891   0.33040   0.34288   0.35660   0.37323   0.39124
   0.41138   0.43419   0.45911   0.49275   0.52991   0.57799   0.63820   0.71672
   0.71672   0.71672   0.71672   0.71672
   0.09717   0.11780   0.12404   0.13005   0.13447   0.13857   0.14503   0.15183
   0.15791   0.16626   0.17628   0.18724   0.19985   0.21583   0.23733   0.26339
   0.30117   0.31046   0.32141   0.33198   0.34443   0.36014   0.37477   0.39307
   0.41245   0.43618   0.46299   0.49519   0.53336   0.58036   0.64133   0.72034
   0.72034   0.72034   0.72034   0.72034
   0.09821   0.11903   0.12400   0.12899   0.13398   0.14078   0.14616   0.15213
   0.15920   0.16683   0.17627   0.18762   0.20096   0.21701   0.23676   0.26284
   0.30212   0.31204   0.32210   0.33425   0.34724   0.36051   0.37623   0.39359
   0.41236   0.43634   0.46390   0.49532   0.53488   0.58085   0.64134   0.72251
   0.72251   0.72251   0.72251   0.72251
   0.09935   0.11897   0.12566   0.13089   0.13451   0.14083   0.14651   0.15343
   0.16230   0.16904   0.17854   0.18886   0.20114   0.21788   0.23956   0.26703
   0.30479   0.31382   0.32236   0.33508   0.34780   0.36376   0.37838   0.39630
   0.41585   0.43804   0.46780   0.49954   0.53836   0.59006   0.64863   0.72677
   0.72677   0.72677   0.72677   0.72677
   0.10246   0.12374   0.12965   0.13531   0.14118   0.14693   0.15261   0.15950
   0.16641   0.17403   0.18454   0.19618   0.20971   0.22440   0.24554   0.27395
   0.31001   0.31913   0.33043   0.34238   0.35585   0.36868   0.39029   0.40953
   0.42526   0.45284   0.47442   0.50800   0.54554   0.59541   0.65655   0.73989
   0.73989   0.73989   0.73989   0.73989
   0.17115   0.18924   0.19401   0.19827   0.20249   0.20693   0.21173   0.21708
   0.22314   0.23012   0.23830   0.24814   0.26027   0.27565   0.29579   0.32336
   0.36336   0.37363   0.38493   0.39740   0.41125   0.42673   0.44414   0.46387
   0.48643   0.51248   0.54294   0.57906   0.62267   0.67646   0.74474   0.83474
   0.83474   0.83474   0.83474   0.83474
  SALT 5 sca
   0.09605   0.11701   0.12288   0.12778   0.13215   0.13808   0.14299   0.14889
   0.15721   0.16418   0.17401   0.18481   0.19663   0.21336   0.23347   0.26043
   0.29842   0.30717   0.31739   0.32897   0.34211   0.35492   0.37065   0.38788
   0.40907   0.43188   0.45794   0.49051   0.52812   0.57590   0.63444   0.71544
   0.71544   0.71544   0.71544   0.71544
   0.09688   0.11800   0.12306   0.12756   0.13372   0.13722   0.14376   0.14978
   0.15789   0.16512   0.17561   0.18563   0.19874   0.21426   0.23572   0.26191
   0.29939   0.30878   0.31891   0.33040   0.34288   0.35660   0.37323   0.39124
   0.41138   0.43419   0.45911   0.49275   0.52991   0.57799   0.63820   0.71672
   0.71672   0.71672   0.71672   0.71672
   0.09717   0.11780   0.12404   0.13005   0.13447   0.13857   0.14503   0.15183
   0.15791   0.16626   0.17628   0.18724   0.19985   0.21583   0.23733   0.26339
   0.30117   0.31046   0.32141   0.33198   0.34443   0.36014   0.37477   0.39307
   0.41245   0.43618   0.46299   0.49519   0.53336   0.58036   0.64133   0.72034
   0.72034   0.72034   0.72034   0.72034
   0.09821   0.11903   0.12400   0.12899   0.13398   0.14078   0.14616   0.15213
   0.15920   0.16683   0.17627   0.18762   0.20096   0.21701   0.23676   0.26284
   0.30212   0.31204   0.32210   0.33425   0.34724   0.36051   0.37623   0.39359
   0.41236   0.43634   0.46390   0.49532   0.53488   0.58085   0.64134   0.72251
   0.72251   0.72251   0.72251   0.72251
   0.09933   0.11895   0.12564   0.13087   0.13449   0.14081   0.14649   0.15341
   0.16227   0.16901   0.17854   0.18886   0.20114   0.21788   0.23956   0.26703
   0.30479   0.31382   0.32236   0.33508   0.34780   0.36376   0.37838   0.39630
   0.41585   0.43804   0.46780   0.49954   0.53836   0.59006   0.64863   0.72677
   0.72677   0.72677   0.72677   0.72677
   0.09903   0.12012   0.12614   0.13171   0.13749   0.14316   0.14877   0.15569
   0.16265   0.17008   0.18059   0.19210   0.20543   0.21992   0.24094   0.26898
   0.30452   0.31368   0.32492   0.33669   0.34995   0.36246   0.38379   0.40289
   0.41842   0.44563   0.46659   0.49973   0.53669   0.58548   0.64562   0.72753
   0.72753   0.72753   0.72753   0.72753
   0.15880   0.15780   0.15800   0.15832   0.15878   0.15940   0.16023   0.16133
   0.16277   0.16464   0.16706   0.17023   0.17448   0.18030   0.18844   0.20026
   0.21832   0.22308   0.22835   0.23422   0.24079   0.24819   0.25656   0.26611
   0.27709   0.28983   0.30480   0.32261   0.34416   0.37078   0.40454   0.44892
   0.44892   0.44892   0.44892   0.44892
  SALT 5 asy
   0.81539   0.82609   0.82934   0.83157   0.83362   0.83514   0.83655   0.83872
   0.83985   0.84264   0.84529   0.84743   0.85302   0.85519   0.85665   0.85768
   0.86122   0.86360   0.86212   0.86333   0.86477   0.86218   0.86623   0.86399
   0.86502   0.86415   0.86740   0.86596   0.86927   0.86873   0.86975   0.86904
   0.86904   0.86904   0.86904   0.86904
   0.81200   0.82661   0.82937   0.83016   0.83265   0.83557   0.83993   0.84105
   0.84273   0.84530   0.84562   0.84832   0.85197   0.85891   0.85659   0.85993
   0.86474   0.86278   0.86436   0.86372   0.86397   0.86398   0.86609   0.86593
   0.86735   0.86697   0.86696   0.86729   0.86983   0.86902   0.87019   0.87098
   0.87098   0.87098   0.87098   0.87098
   0.80878   0.82177   0.82567   0.82600   0.82842   0.83192   0.83590   0.83807
   0.83879   0.84152   0.84541   0.84652   0.84682   0.85363   0.85596   0.85863
   0.86083   0.86266   0.86181   0.86116   0.86233   0.86320   0.86440   0.86284
   0.86490   0.86599   0.86694   0.86752   0.86798   0.86963   0.86987   0.87074
   0.87074   0.87074   0.87074   0.87074
   0.80896   0.82226   0.82677   0.82650   0.82988   0.83122   0.83182   0.83394
   0.83855   0.84052   0.84326   0.84579   0.84979   0.85152   0.85240   0.85740
   0.85979   0.86214   0.86060   0.86116   0.86242   0.86236   0.86371   0.86463
   0.86578   0.86477   0.86541   0.86660   0.86653   0.86885   0.86903   0.87065
   0.87065   0.87065   0.87065   0.87065
   0.80333   0.81704   0.82046   0.82229   0.82400   0.82879   0.83080   0.83331
   0.83495   0.84067   0.83908   0.84294   0.84683   0.85033   0.85050   0.85284
   0.85823   0.85708   0.85995   0.86142   0.86266   0.86007   0.86138   0.86042
   0.86260   0.86216   0.86555   0.86498   0.86736   0.86520   0.86693   0.86989
   0.86989   0.86989   0.86989   0.86989
   0.79801   0.80914   0.81214   0.81397   0.81787   0.81992   0.82193   0.82513
   0.82654   0.83370   0.82951   0.83913   0.83710   0.83905   0.84609   0.84953
   0.84746   0.85063   0.85488   0.85287   0.85502   0.85536   0.85474   0.85597
   0.86078   0.85893   0.86395   0.86267   0.86241   0.86299   0.86573   0.86605
   0.86605   0.86605   0.86605   0.86605
   0.76305   0.82826   0.84026   0.84948   0.85742   0.86465   0.87144   0.87797
   0.88432   0.89056   0.89672   0.90286   0.90907   0.91539   0.92181   0.92840
   0.93529   0.93672   0.93819   0.93968   0.94121   0.94276   0.94436   0.94598
   0.94764   0.94933   0.95107   0.95288   0.95477   0.95675   0.95884   0.96106
   0.96106   0.96106   0.96106   0.96106
  SALT 5 ssa
   0.99942   0.99954   0.99955   0.99960   0.99957   0.99960   0.99963   0.99964
   1.00000   1.00000   1.00000   1.00000   1.00000   1.00000   1.00000   1.00000
   1.00000   1.00000   1.00000   1.00000   1.00000   1.00000   1.00000   1.00000
   1.00000   1.00000   1.00000   1.00000   1.00000   1.00000   1.00000   1.00000
   1.00000   1.00000   1.00000   1.00000
   1.00000   1.00000   1.00000   1.00000   1.00000   1.00000   1.00000   1.00000
   1.00000   1.00000   1.00000   1.00000   1.00000   1.00000   1.00000   1.00000
   1.00000   1.00000   1.00000   1.00000   1.00000   1.00000   1.00000   1.00000
   1.00000   1.00000   1.00000   1.00000   1.00000   1.00000   1.00000   1.00000
   1.00000   1.00000   1.00000   1.00000
   1.00000   1.00000   1.00000   1.00000   1.00000   1.00000   1.00000   1.00000
   1.00000   1.00000   1.00000   1.00000   1.00000   1.00000   1.00000   1.00000
   1.00000   1.00000   1.00000   1.00000   1.00000   1.00000   1.00000   1.00000
   1.00000   1.00000   1.00000   1.00000   1.00000   1.00000   1.00000   1.00000
   1.00000   1.00000   1.00000   1.00000
   1.00000   1.00000   1.00000   1.00000   1.00000   1.00000   1.00000   1.00000
   1.00000   1.00000   1.00000   1.00000   1.00000   1.00000   1.00000   1.00000
   1.00000   1.00000   1.00000   1.00000   1.00000   1.00000   1.00000   1.00000
   1.00000   1.00000   1.00000   1.00000   1.00000   1.00000   1.00000   1.00000
   1.00000   1.00000   1.00000   1.00000
   0.99979   0.99982   0.99982   0.99983   0.99984   0.99984   0.99984   0.99985
   0.99985   0.99986   1.00000   1.00000   1.00000   1.00000   1.00000   1.00000
   1.00000   1.00000   1.00000   1.00000   1.00000   1.00000   1.00000   1.00000
   1.00000   1.00000   1.00000   1.00000   1.00000   1.00000   1.00000   1.00000
   1.00000   1.00000   1.00000   1.00000
   0.96650   0.97077   0.97291   0.97338   0.97384   0.97437   0.97485   0.97613
   0.97745   0.97731   0.97859   0.97917   0.97960   0.98000   0.98128   0.98186
   0.98230   0.98293   0.98334   0.98341   0.98340   0.98312   0.98335   0.98379
   0.98392   0.98406   0.98350   0.98373   0.98377   0.98332   0.98335   0.98329
   0.98329   0.98329   0.98329   0.98329
   0.92781   0.83386   0.81439   0.79853   0.78411   0.77033   0.75677   0.74320
   0.72947   0.71545   0.70102   0.68604   0.67041   0.65409   0.63707   0.61931
   0.60084   0.59705   0.59323   0.58939   0.58551   0.58160   0.57765   0.57367
   0.56964   0.56555   0.56139   0.55713   0.55272   0.54811   0.54319   0.53780
   0.53780   0.53780   0.53780   0.53780
