  SALT 1 ext
   3.17897   3.99378   4.24634   4.48175   4.72237   4.97921   5.26095   5.57653
   5.93651   6.35450   6.84907   7.44698   8.18917   9.14273  10.42767  12.28134
  15.21861  16.02014  16.92121  17.93841  19.09155  20.40482  21.90863  23.64292
  25.66279  28.04868  30.92388  34.48236  39.02001  44.94572  52.79671  63.52238
  63.52238  63.52238  63.52238  63.52238
   1.41480   1.78979   1.90599   2.01484   2.12690   2.24767   2.38180   2.53443
   2.71198   2.92317   3.18046   3.50243   3.91808   4.47476   5.25384   6.40334
   8.21413   8.70158   9.24679   9.85982  10.55342  11.34403  12.25335  13.31101
  14.55856  16.05621  17.89368  20.20720  23.20430  27.19727  32.65588  40.35828
  40.35828  40.35828  40.35828  40.35828
   0.72755   0.94684   1.01535   1.07958   1.14570   1.21686   1.29568   1.38502
   1.48836   1.61036   1.75754   1.93950   2.17113   2.47690   2.90017   3.52578
   4.54285   4.82676   5.15015   5.52134   5.95089   6.45239   7.04346   7.74713
   8.59389   9.62467  10.89546  12.48532  14.51133  17.16031  20.76306  25.98286
  25.98286  25.98286  25.98286  25.98286
   0.28579   0.38385   0.41533   0.44518   0.47623   0.50999   0.54778   0.59107
   0.64173   0.70225   0.77617   0.86873   0.98805   1.14734   1.36959   1.69826
   2.22550   2.37050   2.53451   2.72134   2.93588   3.18452   3.47575   3.82113
   4.23677   4.74582   5.38265   6.20020   7.28339   8.77436  10.92122  14.17522
  14.17522  14.17522  14.17522  14.17522
   0.10295   0.14049   0.15273   0.16441   0.17664   0.19002   0.20510   0.22252
   0.24306   0.26785   0.29845   0.33728   0.38810   0.45721   0.55589   0.70605
   0.95571   1.02594   1.10606   1.19812   1.30474   1.42931   1.57630   1.75173
   1.96381   2.22405   2.54904   2.96356   3.50611   4.24005   5.27732   6.83648
   6.83648   6.83648   6.83648   6.83648
   0.00844   0.01104   0.01189   0.01270   0.01355   0.01448   0.01553   0.01675
   0.01820   0.01995   0.02213   0.02491   0.02858   0.03363   0.04097   0.05238
   0.07200   0.07765   0.08418   0.09177   0.10069   0.11126   0.12397   0.13943
   0.15855   0.18263   0.21361   0.25452   0.31026   0.38923   0.50685   0.69404
   0.69404   0.69404   0.69404   0.69404
   0.00528   0.01790   0.02189   0.02565   0.02951   0.03366   0.03824   0.04342
   0.04937   0.05634   0.06466   0.07481   0.08748   0.10380   0.12561   0.15620
   0.20220   0.21432   0.22778   0.24284   0.25977   0.27895   0.30088   0.32616
   0.35564   0.39044   0.43216   0.48306   0.54653   0.62790   0.73592   0.88625
   0.88625   0.88625   0.88625   0.88625
  SALT 1 sca
   3.17897   3.99378   4.24634   4.48175   4.72237   4.97921   5.26095   5.57653
   5.93651   6.35450   6.84907   7.44698   8.18917   9.14273  10.42767  12.28134
  15.21861  16.02014  16.92121  17.93841  19.09155  20.40482  21.90863  23.64292
  25.66279  28.04868  30.92388  34.48236  39.02001  44.94572  52.79671  63.52238
  63.52238  63.52238  63.52238  63.52238
   1.41480   1.78979   1.90599   2.01484   2.12690   2.24767   2.38180   2.53443
   2.71198   2.92317   3.18046   3.50243   3.91808   4.47476   5.25384   6.40334
   8.21413   8.70158   9.24679   9.85982  10.55342  11.34403  12.25335  13.31101
  14.55856  16.05621  17.89368  20.20720  23.20430  27.19727  32.65588  40.35828
  40.35828  40.35828  40.35828  40.35828
   0.72755   0.94684   1.01535   1.07958   1.14570   1.21686   1.29568   1.38502
   1.48836   1.61036   1.75754   1.93950   2.17113   2.47690   2.90017   3.52578
   4.54285   4.82676   5.15015   5.52134   5.95089   6.45239   7.04346   7.74713
   8.59389   9.62467  10.89546  12.48532  14.51133  17.16031  20.76306  25.98286
  25.98286  25.98286  25.98286  25.98286
   0.28579   0.38385   0.41533   0.44518   0.47623   0.50999   0.54778   0.59107
   0.64173   0.70225   0.77617   0.86873   0.98805   1.14734   1.36959   1.69826
   2.22550   2.37050   2.53451   2.72134   2.93588   3.18452   3.47575   3.82113
   4.23677   4.74582   5.38265   6.20020   7.28339   8.77436  10.92122  14.17522
  14.17522  14.17522  14.17522  14.17522
   0.10271   0.14024   0.15247   0.16415   0.17638   0.18975   0.20484   0.22225
   0.24279   0.26757   0.29818   0.33700   0.38781   0.45692   0.55558   0.70573
   0.95538   1.02561   1.10573   1.19779   1.30440   1.42896   1.57595   1.75138
   1.96345   2.22368   2.54866   2.96317   3.50571   4.23963   5.27687   6.83600
   6.83600   6.83600   6.83600   6.83600
   0.00643   0.00888   0.00969   0.01047   0.01128   0.01218   0.01319   0.01437
   0.01577   0.01747   0.01959   0.02230   0.02588   0.03083   0.03802   0.04924
   0.06857   0.07415   0.08060   0.08810   0.09691   0.10737   0.11994   0.13525
   0.15420   0.17807   0.20880   0.24940   0.30476   0.38324   0.50021   0.68648
   0.68648   0.68648   0.68648   0.68648
   0.00000   0.00000   0.00000   0.00001   0.00001   0.00001   0.00001   0.00001
   0.00001   0.00001   0.00001   0.00001   0.00001   0.00001   0.00001   0.00002
   0.00002   0.00002   0.00002   0.00002   0.00003   0.00003   0.00003   0.00004
   0.00004   0.00005   0.00005   0.00006   0.00008   0.00010   0.00012   0.00017
   0.00017   0.00017   0.00017   0.00017
  SALT 1 asy
   0.51706   0.55548   0.56412   0.57119   0.57758   0.58363   0.58951   0.59535
   0.60125   0.60734   0.61379   0.62088   0.62905   0.63905   0.65208   0.66993
   0.69426   0.69989   0.70571   0.71167   0.71774   0.72384   0.72995   0.73603
   0.74211   0.74827   0.75468   0.76164   0.76941   0.77804   0.78741   0.79752
   0.79752   0.79752   0.79752   0.79752
   0.31211   0.35802   0.37110   0.38286   0.39447   0.40643   0.41904   0.43257
   0.44725   0.46329   0.48091   0.50026   0.52143   0.54426   0.56828   0.59256
   0.61614   0.62081   0.62552   0.63033   0.63534   0.64065   0.64644   0.65290
   0.66030   0.66895   0.67917   0.69116   0.70491   0.71993   0.73533   0.75040
   0.75040   0.75040   0.75040   0.75040
   0.20095   0.23024   0.23881   0.24664   0.25449   0.26273   0.27163   0.28143
   0.29242   0.30495   0.31945   0.33654   0.35702   0.38201   0.41306   0.45218
   0.50130   0.51237   0.52381   0.53558   0.54758   0.55973   0.57191   0.58397
   0.59575   0.60715   0.61811   0.62876   0.63952   0.65132   0.66582   0.68536
   0.68536   0.68536   0.68536   0.68536
   0.12134   0.13830   0.14324   0.14775   0.15226   0.15700   0.16211   0.16775
   0.17408   0.18131   0.18973   0.19972   0.21186   0.22700   0.24653   0.27283
   0.31032   0.31982   0.33020   0.34158   0.35411   0.36794   0.38328   0.40032
   0.41932   0.44048   0.46402   0.49002   0.51830   0.54824   0.57850   0.60709
   0.60709   0.60709   0.60709   0.60709
   0.07303   0.08308   0.08599   0.08864   0.09128   0.09406   0.09704   0.10032
   0.10400   0.10819   0.11305   0.11880   0.12576   0.13440   0.14551   0.16044
   0.18177   0.18721   0.19318   0.19977   0.20708   0.21525   0.22443   0.23486
   0.24679   0.26061   0.27680   0.29604   0.31927   0.34784   0.38359   0.42898
   0.42898   0.42898   0.42898   0.42898
   0.01926   0.02192   0.02269   0.02339   0.02409   0.02482   0.02560   0.02647
   0.02743   0.02853   0.02980   0.03129   0.03310   0.03533   0.03818   0.04198
   0.04736   0.04871   0.05020   0.05183   0.05364   0.05565   0.05789   0.06043
   0.06332   0.06665   0.07054   0.07513   0.08068   0.08753   0.09625   0.10781
   0.10781   0.10781   0.10781   0.10781
   0.00046   0.00051   0.00052   0.00054   0.00055   0.00057   0.00058   0.00060
   0.00062   0.00065   0.00067   0.00070   0.00074   0.00079   0.00085   0.00093
   0.00104   0.00107   0.00110   0.00114   0.00118   0.00122   0.00127   0.00132
   0.00138   0.00146   0.00154   0.00164   0.00176   0.00190   0.00209   0.00234
   0.00234   0.00234   0.00234   0.00234
  SALT 1 ssa
   1.00000   1.00000   1.00000   1.00000   1.00000   1.00000   1.00000   1.00000
   1.00000   1.00000   1.00000   1.00000   1.00000   1.00000   1.00000   1.00000
   1.00000   1.00000   1.00000   1.00000   1.00000   1.00000   1.00000   1.00000
   1.00000   1.00000   1.00000   1.00000   1.00000   1.00000   1.00000   1.00000
   1.00000   1.00000   1.00000   1.00000
   1.00000   1.00000   1.00000   1.00000   1.00000   1.00000   1.00000   1.00000
   1.00000   1.00000   1.00000   1.00000   1.00000   1.00000   1.00000   1.00000
   1.00000   1.00000   1.00000   1.00000   1.00000   1.00000   1.00000   1.00000
   1.00000   1.00000   1.00000   1.00000   1.00000   1.00000   1.00000   1.00000
   1.00000   1.00000   1.00000   1.00000
   1.00000   1.00000   1.00000   1.00000   1.00000   1.00000   1.00000   1.00000
   1.00000   1.00000   1.00000   1.00000   1.00000   1.00000   1.00000   1.00000
   1.00000   1.00000   1.00000   1.00000   1.00000   1.00000   1.00000   1.00000
   1.00000   1.00000   1.00000   1.00000   1.00000   1.00000   1.00000   1.00000
   1.00000   1.00000   1.00000   1.00000
   1.00000   1.00000   1.00000   1.00000   1.00000   1.00000   1.00000   1.00000
   1.00000   1.00000   1.00000   1.00000   1.00000   1.00000   1.00000   1.00000
   1.00000   1.00000   1.00000   1.00000   1.00000   1.00000   1.00000   1.00000
   1.00000   1.00000   1.00000   1.00000   1.00000   1.00000   1.00000   1.00000
   1.00000   1.00000   1.00000   1.00000
   0.99768   0.99821   0.99833   0.99844   0.99853   0.99862   0.99871   0.99879
   0.99888   0.99897   0.99906   0.99916   0.99926   0.99935   0.99946   0.99956
   0.99966   0.99968   0.99970   0.99972   0.99974   0.99976   0.99978   0.99980
   0.99982   0.99983   0.99985   0.99987   0.99988   0.99990   0.99992   0.99993
   0.99993   0.99993   0.99993   0.99993
   0.76144   0.80474   0.81538   0.82440   0.83286   0.84114   0.84945   0.85792
   0.86665   0.87571   0.88518   0.89510   0.90552   0.91648   0.92798   0.93998
   0.95240   0.95492   0.95744   0.95997   0.96250   0.96503   0.96755   0.97006
   0.97256   0.97503   0.97748   0.97990   0.98228   0.98461   0.98689   0.98910
   0.98910   0.98910   0.98910   0.98910
   0.00073   0.00026   0.00022   0.00020   0.00018   0.00017   0.00015   0.00014
   0.00013   0.00012   0.00012   0.00011   0.00011   0.00010   0.00010   0.00010
   0.00010   0.00010   0.00010   0.00010   0.00010   0.00010   0.00011   0.00011
   0.00011   0.00012   0.00012   0.00013   0.00014   0.00015   0.00017   0.00019
   0.00019   0.00019   0.00019   0.00019
  SALT 2 ext
   3.84084   4.45237   4.65550   4.79789   4.96505   5.15331   5.30847   5.53258
   5.75320   6.00621   6.30597   6.67327   7.08172   7.63785   8.31344   9.21648
  10.48133  10.79933  11.13612  11.50541  11.90672  12.37923  12.86888  13.40282
  14.01578  14.70266  15.43109  16.37182  17.43638  18.71893  20.35023  22.48381
  22.48381  22.48381  22.48381  22.48381
   3.74877   4.36270   4.54464   4.70344   4.86532   5.02961   5.20393   5.40612
   5.63374   5.88137   6.17082   6.50205   6.92582   7.42835   8.07390   8.93477
  10.14531  10.46298  10.80479  11.18531  11.61903  12.06158  12.60323  13.20474
  13.89431  14.70132  15.62578  16.77404  18.06191  19.70303  21.75061  24.24523
  24.24523  24.24523  24.24523  24.24523
   3.48056   4.09344   4.26851   4.42589   4.58317   4.74916   4.93114   5.13679
   5.36630   5.62271   5.91683   6.26089   6.68991   7.22050   7.87916   8.77796
  10.00540  10.32962  10.67562  11.04207  11.45230  11.89440  12.42714  12.99252
  13.64637  14.38911  15.27882  16.32315  17.61756  19.20708  21.26140  24.02065
  24.02065  24.02065  24.02065  24.02065
   2.75510   3.27724   3.43110   3.57356   3.71918   3.87498   4.04559   4.23476
   4.44696   4.68865   4.96948   5.30546   5.72357   6.25670   6.93658   7.84924
   9.18277   9.51526   9.87679  10.27689  10.72711  11.23273  11.78934  12.40751
  13.10464  13.92774  14.86839  15.95151  17.28453  18.86730  20.89511  23.48877
  23.48877  23.48877  23.48877  23.48877
   1.81677   2.21583   2.33561   2.44573   2.55707   2.67493   2.80357   2.94751
   3.11232   3.30536   3.53642   3.81810   4.16688   4.60806   5.18829   6.00392
   7.22065   7.53323   7.87747   8.26005   8.69005   9.17854   9.73545  10.36804
  11.08771  11.91729  12.90145  14.09253  15.51547  17.26298  19.51397  22.41546
  22.41546  22.41546  22.41546  22.41546
   0.30892   0.40612   0.43681   0.46570   0.49550   0.52762   0.56324   0.60358
   0.65018   0.70503   0.77089   0.85178   0.95387   1.08719   1.26946   1.53503
   1.95798   2.07385   2.20453   2.35274   2.52187   2.71619   2.94125   3.20438
   3.51571   3.88963   4.34737   4.92088   5.65827   6.63155   7.95560   9.84898
   9.84898   9.84898   9.84898   9.84898
   0.00565   0.02002   0.02462   0.02895   0.03341   0.03822   0.04354   0.04955
   0.05648   0.06460   0.07431   0.08617   0.10101   0.12015   0.14577   0.18181
   0.23617   0.25052   0.26649   0.28436   0.30449   0.32733   0.35347   0.38368
   0.41897   0.46074   0.51094   0.57240   0.64938   0.74854   0.88105   1.06705
   1.06705   1.06705   1.06705   1.06705
  SALT 2 sca
   3.84084   4.45237   4.65550   4.79789   4.96505   5.15331   5.30847   5.53258
   5.75320   6.00621   6.30597   6.67327   7.08172   7.63785   8.31344   9.21648
  10.48133  10.79933  11.13612  11.50541  11.90672  12.37923  12.86888  13.40282
  14.01578  14.70266  15.43109  16.37182  17.43638  18.71893  20.35023  22.48381
  22.48381  22.48381  22.48381  22.48381
   3.74877   4.36270   4.54464   4.70344   4.86532   5.02961   5.20393   5.40612
   5.63374   5.88137   6.17082   6.50205   6.92582   7.42835   8.07390   8.93477
  10.14531  10.46298  10.80479  11.18531  11.61903  12.06158  12.60323  13.20474
  13.89431  14.70132  15.62578  16.77404  18.06191  19.70303  21.75061  24.24523
  24.24523  24.24523  24.24523  24.24523
   3.48056   4.09344   4.26851   4.42589   4.58317   4.74916   4.93114   5.13679
   5.36630   5.62271   5.91683   6.26089   6.68991   7.22050   7.87916   8.77796
  10.00540  10.32962  10.67562  11.04207  11.45230  11.89440  12.42714  12.99252
  13.64637  14.38911  15.27882  16.32315  17.61756  19.20708  21.26140  24.02065
  24.02065  24.02065  24.02065  24.02065
   2.75510   3.27724   3.43110   3.57356   3.71918   3.87498   4.04559   4.23476
   4.44696   4.68865   4.96948   5.30546   5.72357   6.25670   6.93658   7.84924
   9.18277   9.51526   9.87679  10.27689  10.72711  11.23273  11.78934  12.40751
  13.10464  13.92774  14.86839  15.95151  17.28453  18.86730  20.89511  23.48877
  23.48877  23.48877  23.48877  23.48877
   1.81634   2.21540   2.33517   2.44529   2.55662   2.67448   2.80312   2.94706
   3.11186   3.30490   3.53596   3.81763   4.16641   4.60758   5.18781   6.00343
   7.22015   7.53272   7.87696   8.25953   8.68952   9.17801   9.73492  10.36750
  11.08717  11.91674  12.90089  14.09196  15.51488  17.26237  19.51333  22.41479
  22.41479  22.41479  22.41479  22.41479
   0.30604   0.40297   0.43360   0.46242   0.49216   0.52422   0.55976   0.60003
   0.64656   0.70132   0.76708   0.84785   0.94979   1.08293   1.26497   1.53023
   1.95269   2.06844   2.19898   2.34703   2.51599   2.71012   2.93496   3.19784
   3.50888   3.88246   4.33979   4.91279   5.64954   6.62201   7.94499   9.83686
   9.83686   9.83686   9.83686   9.83686
   0.00028   0.00035   0.00037   0.00039   0.00041   0.00043   0.00045   0.00048
   0.00051   0.00055   0.00060   0.00066   0.00074   0.00084   0.00100   0.00124
   0.00164   0.00176   0.00189   0.00205   0.00223   0.00245   0.00271   0.00303
   0.00343   0.00392   0.00456   0.00541   0.00656   0.00820   0.01066   0.01460
   0.01460   0.01460   0.01460   0.01460
  SALT 2 asy
   0.67225   0.69432   0.69676   0.70380   0.70630   0.70950   0.71586   0.71631
   0.72274   0.72577   0.73154   0.73399   0.74088   0.74489   0.75121   0.75765
   0.76328   0.76455   0.76624   0.76746   0.76956   0.76873   0.77054   0.77136
   0.77309   0.77311   0.77554   0.77545   0.77611   0.77636   0.77660   0.77762
   0.77762   0.77762   0.77762   0.77762
   0.69381   0.71250   0.71725   0.72119   0.72453   0.72816   0.73111   0.73347
   0.73670   0.74035   0.74388   0.74689   0.74989   0.75385   0.75660   0.76127
   0.76646   0.76655   0.76805   0.76831   0.76978   0.77190   0.77216   0.77416
   0.77558   0.77634   0.77953   0.77976   0.78290   0.78485   0.78628   0.78886
   0.78886   0.78886   0.78886   0.78886
   0.70301   0.72332   0.72835   0.73243   0.73597   0.73919   0.74219   0.74534
   0.74906   0.75294   0.75691   0.76050   0.76377   0.76804   0.77202   0.77530
   0.77856   0.77867   0.77957   0.78039   0.78097   0.78139   0.78088   0.78217
   0.78233   0.78220   0.78352   0.78355   0.78409   0.78446   0.78652   0.78850
   0.78850   0.78850   0.78850   0.78850
   0.69835   0.71950   0.72444   0.72860   0.73253   0.73647   0.74054   0.74474
   0.74902   0.75335   0.75770   0.76210   0.76684   0.77246   0.77848   0.78388
   0.79003   0.79128   0.79239   0.79332   0.79417   0.79522   0.79638   0.79730
   0.79778   0.79800   0.79878   0.79891   0.79810   0.79804   0.79661   0.79503
   0.79503   0.79503   0.79503   0.79503
   0.66241   0.68694   0.69300   0.69812   0.70290   0.70758   0.71228   0.71710
   0.72214   0.72748   0.73322   0.73941   0.74604   0.75313   0.76090   0.76997
   0.78028   0.78231   0.78431   0.78632   0.78839   0.79063   0.79308   0.79564
   0.79811   0.80030   0.80228   0.80450   0.80673   0.80820   0.80965   0.80976
   0.80976   0.80976   0.80976   0.80976
   0.42391   0.46989   0.48087   0.49004   0.49851   0.50667   0.51475   0.52287
   0.53117   0.53977   0.54884   0.55862   0.56948   0.58204   0.59728   0.61663
   0.64161   0.64733   0.65328   0.65944   0.66579   0.67231   0.67901   0.68589
   0.69301   0.70047   0.70841   0.71705   0.72653   0.73690   0.74824   0.76086
   0.76086   0.76086   0.76086   0.76086
   0.00996   0.01132   0.01172   0.01207   0.01243   0.01281   0.01321   0.01366
   0.01415   0.01472   0.01538   0.01615   0.01709   0.01825   0.01973   0.02171
   0.02453   0.02524   0.02602   0.02688   0.02783   0.02888   0.03007   0.03141
   0.03294   0.03470   0.03676   0.03920   0.04216   0.04582   0.05049   0.05670
   0.05670   0.05670   0.05670   0.05670
  SALT 2 ssa
   1.00000   1.00000   1.00000   1.00000   1.00000   1.00000   1.00000   1.00000
   1.00000   1.00000   1.00000   1.00000   1.00000   1.00000   1.00000   1.00000
   1.00000   1.00000   1.00000   1.00000   1.00000   1.00000   1.00000   1.00000
   1.00000   1.00000   1.00000   1.00000   1.00000   1.00000   1.00000   1.00000
   1.00000   1.00000   1.00000   1.00000
   1.00000   1.00000   1.00000   1.00000   1.00000   1.00000   1.00000   1.00000
   1.00000   1.00000   1.00000   1.00000   1.00000   1.00000   1.00000   1.00000
   1.00000   1.00000   1.00000   1.00000   1.00000   1.00000   1.00000   1.00000
   1.00000   1.00000   1.00000   1.00000   1.00000   1.00000   1.00000   1.00000
   1.00000   1.00000   1.00000   1.00000
   1.00000   1.00000   1.00000   1.00000   1.00000   1.00000   1.00000   1.00000
   1.00000   1.00000   1.00000   1.00000   1.00000   1.00000   1.00000   1.00000
   1.00000   1.00000   1.00000   1.00000   1.00000   1.00000   1.00000   1.00000
   1.00000   1.00000   1.00000   1.00000   1.00000   1.00000   1.00000   1.00000
   1.00000   1.00000   1.00000   1.00000
   1.00000   1.00000   1.00000   1.00000   1.00000   1.00000   1.00000   1.00000
   1.00000   1.00000   1.00000   1.00000   1.00000   1.00000   1.00000   1.00000
   1.00000   1.00000   1.00000   1.00000   1.00000   1.00000   1.00000   1.00000
   1.00000   1.00000   1.00000   1.00000   1.00000   1.00000   1.00000   1.00000
   1.00000   1.00000   1.00000   1.00000
   0.99977   0.99980   0.99981   0.99982   0.99983   0.99983   0.99984   0.99985
   0.99985   0.99986   0.99987   0.99988   0.99989   0.99990   0.99991   0.99992
   0.99993   0.99993   0.99994   0.99994   0.99994   0.99994   0.99995   0.99995
   0.99995   0.99995   0.99996   0.99996   0.99996   0.99996   0.99997   0.99997
   0.99997   0.99997   0.99997   0.99997
   0.99067   0.99225   0.99263   0.99295   0.99325   0.99354   0.99383   0.99412
   0.99442   0.99473   0.99505   0.99538   0.99573   0.99609   0.99647   0.99687
   0.99730   0.99739   0.99748   0.99757   0.99767   0.99777   0.99786   0.99796
   0.99806   0.99816   0.99826   0.99836   0.99846   0.99856   0.99867   0.99877
   0.99877   0.99877   0.99877   0.99877
   0.04951   0.01732   0.01493   0.01337   0.01218   0.01121   0.01040   0.00969
   0.00908   0.00854   0.00806   0.00765   0.00730   0.00703   0.00685   0.00680
   0.00695   0.00702   0.00710   0.00721   0.00734   0.00749   0.00768   0.00790
   0.00818   0.00851   0.00893   0.00944   0.01010   0.01096   0.01210   0.01368
   0.01368   0.01368   0.01368   0.01368
  SALT 3 ext
   0.71835   0.87924   0.88655   0.92836   0.95768   0.99680   1.04236   1.09214
   1.11243   1.17720   1.26219   1.31898   1.39713   1.51825   1.60509   1.80847
   2.01861   2.06107   2.11598   2.18695   2.28119   2.40582   2.46234   2.60386
   2.72094   2.83783   3.02052   3.23288   3.48339   3.81599   4.19433   4.68313
   4.68313   4.68313   4.68313   4.68313
   0.75326   0.85803   0.91536   0.93074   0.97050   1.00135   1.04228   1.08441
   1.12174   1.19930   1.23267   1.30684   1.39136   1.50285   1.66383   1.85402
   2.13162   2.17065   2.25099   2.22373   2.33807   2.44034   2.51679   2.64961
   2.79123   2.96849   3.12779   3.31023   3.55333   3.88088   4.20404   4.71706
   4.71706   4.71706   4.71706   4.71706
   0.73947   0.89727   0.92869   0.95546   0.99618   1.01607   1.07442   1.10116
   1.17199   1.21641   1.27072   1.33133   1.41842   1.52401   1.68249   1.81245
   2.03573   2.10919   2.17449   2.24403   2.42983   2.39412   2.55024   2.69058
   2.94690   3.04601   3.22146   3.44902   3.58207   3.89810   4.33784   4.84690
   4.84690   4.84690   4.84690   4.84690
   0.80886   0.96277   1.00408   1.01747   1.09080   1.08175   1.15036   1.18650
   1.20424   1.27322   1.32511   1.38169   1.47102   1.57292   1.67421   1.87585
   2.12111   2.16054   2.24660   2.34009   2.41421   2.50929   2.63169   2.73785
   2.85421   2.99520   3.16043   3.36720   3.57718   3.92187   4.36465   4.99504
   4.99504   4.99504   4.99504   4.99504
   0.83616   0.98394   1.02709   1.06669   1.10366   1.14407   1.18983   1.23688
   1.28832   1.35332   1.42056   1.49798   1.59685   1.72107   1.87845   2.07740
   2.31822   2.37031   2.43999   2.50507   2.57340   2.65954   2.74152   2.82800
   2.98083   3.08542   3.23837   3.46609   3.70437   4.00744   4.42399   4.93962
   4.93962   4.93962   4.93962   4.93962
   1.10015   1.29907   1.35683   1.41072   1.46542   1.52234   1.58234   1.64656
   1.71686   1.79656   1.89099   2.00338   2.13300   2.28517   2.48134   2.72307
   3.04422   3.11874   3.19597   3.27915   3.37353   3.47567   3.58077   3.69048
   3.82034   3.96248   4.11023   4.29648   4.49727   4.76437   5.10562   5.59516
   5.59516   5.59516   5.59516   5.59516
   0.01740   0.03820   0.04470   0.05076   0.05696   0.06358   0.07086   0.07903
   0.08836   0.09922   0.11210   0.12769   0.14702   0.17170   0.20438   0.24980
   0.31740   0.33509   0.35472   0.37661   0.40119   0.42899   0.46068   0.49716
   0.53962   0.58968   0.64958   0.72259   0.81356   0.93013   1.08492   1.30047
   1.30047   1.30047   1.30047   1.30047
  SALT 3 sca
   0.71835   0.87924   0.88655   0.92836   0.95768   0.99680   1.04236   1.09214
   1.11243   1.17720   1.26219   1.31898   1.39713   1.51825   1.60509   1.80847
   2.01861   2.06107   2.11598   2.18695   2.28119   2.40582   2.46234   2.60386
   2.72094   2.83783   3.02052   3.23288   3.48339   3.81599   4.19433   4.68313
   4.68313   4.68313   4.68313   4.68313
   0.75326   0.85803   0.91536   0.93074   0.97050   1.00135   1.04228   1.08441
   1.12174   1.19930   1.23267   1.30684   1.39136   1.50285   1.66383   1.85402
   2.13162   2.17065   2.25099   2.22373   2.33807   2.44034   2.51679   2.64961
   2.79123   2.96849   3.12779   3.31023   3.55333   3.88088   4.20404   4.71706
   4.71706   4.71706   4.71706   4.71706
   0.73947   0.89727   0.92869   0.95546   0.99618   1.01607   1.07442   1.10116
   1.17199   1.21641   1.27072   1.33133   1.41842   1.52401   1.68249   1.81245
   2.03573   2.10919   2.17449   2.24403   2.42983   2.39412   2.55024   2.69058
   2.94690   3.04601   3.22146   3.44902   3.58207   3.89810   4.33784   4.84690
   4.84690   4.84690   4.84690   4.84690
   0.80886   0.96277   1.00408   1.01747   1.09080   1.08175   1.15036   1.18650
   1.20424   1.27322   1.32511   1.38169   1.47102   1.57292   1.67421   1.87585
   2.12111   2.16054   2.24660   2.34009   2.41421   2.50929   2.63169   2.73785
   2.85421   2.99520   3.16043   3.36720   3.57718   3.92187   4.36465   4.99504
   4.99504   4.99504   4.99504   4.99504
   0.83562   0.98340   1.02654   1.06615   1.10312   1.14353   1.18929   1.23635
   1.28779   1.35277   1.42002   1.49745   1.59631   1.72053   1.87790   2.07684
   2.31766   2.36975   2.43943   2.50450   2.57284   2.65897   2.74095   2.82743
   2.98025   3.08481   3.23777   3.46551   3.70377   4.00682   4.42335   4.93899
   4.93899   4.93899   4.93899   4.93899
   1.09559   1.29442   1.35214   1.40597   1.46061   1.51747   1.57743   1.64160
   1.71184   1.79147   1.88578   1.99805   2.12753   2.27953   2.47542   2.71683
   3.03743   3.11182   3.18891   3.27192   3.36608   3.46800   3.57286   3.68230
   3.81179   3.95353   4.10082   4.28644   4.48654   4.75265   5.09260   5.58035
   5.58035   5.58035   5.58035   5.58035
   0.01107   0.01318   0.01381   0.01439   0.01498   0.01562   0.01632   0.01710
   0.01802   0.01909   0.02039   0.02199   0.02405   0.02676   0.03052   0.03603
   0.04479   0.04719   0.04990   0.05297   0.05649   0.06054   0.06527   0.07084
   0.07747   0.08550   0.09539   0.10782   0.12387   0.14526   0.17502   0.21881
   0.21881   0.21881   0.21881   0.21881
  SALT 3 asy
   0.75750   0.77012   0.77914   0.77816   0.78283   0.78271   0.78591   0.78655
   0.79340   0.79444   0.78898   0.79638   0.79736   0.80219   0.81206   0.81159
   0.81970   0.81458   0.82078   0.81873   0.82451   0.82888   0.82224   0.83153
   0.83073   0.82950   0.83124   0.83679   0.83105   0.83251   0.84058   0.84304
   0.84304   0.84304   0.84304   0.84304
   0.72976   0.74602   0.74610   0.75349   0.75255   0.75542   0.76117   0.76563
   0.77488   0.76883   0.77007   0.78259   0.78856   0.78582   0.79749   0.79366
   0.81361   0.81368   0.81424   0.80942   0.81738   0.80754   0.81538   0.82350
   0.82328   0.82472   0.82720   0.82630   0.82866   0.83617   0.83367   0.83568
   0.83568   0.83568   0.83568   0.83568
   0.70528   0.72458   0.73178   0.73531   0.73245   0.74332   0.73666   0.75222
   0.75185   0.74640   0.75842   0.76418   0.76841   0.77077   0.77524   0.78354
   0.78025   0.79604   0.78441   0.79697   0.79647   0.79580   0.80847   0.80850
   0.81237   0.80887   0.81102   0.81887   0.82178   0.81740   0.82746   0.83016
   0.83016   0.83016   0.83016   0.83016
   0.68374   0.70641   0.71027   0.72410   0.71112   0.73031   0.71473   0.73100
   0.73700   0.72762   0.73468   0.74077   0.74283   0.74551   0.75615   0.75715
   0.76982   0.77626   0.77555   0.77618   0.78060   0.78318   0.78305   0.78909
   0.78711   0.79306   0.79577   0.79751   0.79840   0.80580   0.80238   0.81321
   0.81321   0.81321   0.81321   0.81321
   0.65571   0.67669   0.68356   0.68689   0.69343   0.69710   0.70025   0.70528
   0.71206   0.71428   0.72061   0.72861   0.73458   0.73894   0.74687   0.74952
   0.75942   0.76135   0.76231   0.76192   0.76614   0.76515   0.76600   0.76918
   0.76741   0.76895   0.77143   0.77597   0.77684   0.77974   0.78916   0.78896
   0.78896   0.78896   0.78896   0.78896
   0.76243   0.77996   0.78345   0.78645   0.78945   0.79253   0.79561   0.79853
   0.80113   0.80332   0.80536   0.80785   0.81059   0.81244   0.81344   0.81421
   0.81217   0.81178   0.81099   0.80953   0.80763   0.80619   0.80482   0.80256
   0.79904   0.79627   0.79268   0.78774   0.78348   0.77744   0.77161   0.76740
   0.76740   0.76740   0.76740   0.76740
   0.09628   0.11109   0.11543   0.11940   0.12338   0.12757   0.13209   0.13708
   0.14268   0.14909   0.15654   0.16537   0.17608   0.18939   0.20648   0.22930
   0.26147   0.26956   0.27838   0.28802   0.29860   0.31028   0.32322   0.33762
   0.35373   0.37186   0.39236   0.41566   0.44225   0.47268   0.50752   0.54723
   0.54723   0.54723   0.54723   0.54723
  SALT 3 ssa
   1.00000   1.00000   1.00000   1.00000   1.00000   1.00000   1.00000   1.00000
   1.00000   1.00000   1.00000   1.00000   1.00000   1.00000   1.00000   1.00000
   1.00000   1.00000   1.00000   1.00000   1.00000   1.00000   1.00000   1.00000
   1.00000   1.00000   1.00000   1.00000   1.00000   1.00000   1.00000   1.00000
   1.00000   1.00000   1.00000   1.00000
   1.00000   1.00000   1.00000   1.00000   1.00000   1.00000   1.00000   1.00000
   1.00000   1.00000   1.00000   1.00000   1.00000   1.00000   1.00000   1.00000
   1.00000   1.00000   1.00000   1.00000   1.00000   1.00000   1.00000   1.00000
   1.00000   1.00000   1.00000   1.00000   1.00000   1.00000   1.00000   1.00000
   1.00000   1.00000   1.00000   1.00000
   1.00000   1.00000   1.00000   1.00000   1.00000   1.00000   1.00000   1.00000
   1.00000   1.00000   1.00000   1.00000   1.00000   1.00000   1.00000   1.00000
   1.00000   1.00000   1.00000   1.00000   1.00000   1.00000   1.00000   1.00000
   1.00000   1.00000   1.00000   1.00000   1.00000   1.00000   1.00000   1.00000
   1.00000   1.00000   1.00000   1.00000
   1.00000   1.00000   1.00000   1.00000   1.00000   1.00000   1.00000   1.00000
   1.00000   1.00000   1.00000   1.00000   1.00000   1.00000   1.00000   1.00000
   1.00000   1.00000   1.00000   1.00000   1.00000   1.00000   1.00000   1.00000
   1.00000   1.00000   1.00000   1.00000   1.00000   1.00000   1.00000   1.00000
   1.00000   1.00000   1.00000   1.00000
   0.99935   0.99945   0.99947   0.99949   0.99951   0.99953   0.99954   0.99957
   0.99959   0.99960   0.99962   0.99965   0.99967   0.99969   0.99971   0.99973
   0.99976   0.99976   0.99977   0.99977   0.99978   0.99979   0.99979   0.99980
   0.99980   0.99980   0.99981   0.99983   0.99984   0.99984   0.99985   0.99987
   0.99987   0.99987   0.99987   0.99987
   0.99586   0.99642   0.99654   0.99663   0.99672   0.99680   0.99689   0.99699
   0.99708   0.99716   0.99725   0.99734   0.99744   0.99753   0.99762   0.99771
   0.99777   0.99778   0.99779   0.99780   0.99779   0.99779   0.99779   0.99778
   0.99776   0.99774   0.99771   0.99766   0.99761   0.99754   0.99745   0.99735
   0.99735   0.99735   0.99735   0.99735
   0.63630   0.34508   0.30898   0.28354   0.26308   0.24563   0.23025   0.21644
   0.20389   0.19240   0.18187   0.17225   0.16356   0.15586   0.14931   0.14422
   0.14113   0.14083   0.14067   0.14065   0.14080   0.14113   0.14168   0.14248
   0.14357   0.14500   0.14685   0.14922   0.15225   0.15618   0.16132   0.16825
   0.16825   0.16825   0.16825   0.16825
  SALT 4 ext
   0.28678   0.34479   0.36363   0.37600   0.39152   0.40353   0.42127   0.43432
   0.45795   0.48190   0.50074   0.53549   0.56852   0.61227   0.66407   0.74207
   0.85056   0.86794   0.89810   0.92900   0.95969   1.00254   1.04676   1.09560
   1.15624   1.21737   1.29611   1.37209   1.47976   1.60247   1.79054   2.00314
   2.00314   2.00314   2.00314   2.00314
   0.29523   0.34812   0.36773   0.38347   0.39517   0.41056   0.42292   0.44620
   0.47169   0.49141   0.50937   0.53810   0.57570   0.62439   0.67649   0.74484
   0.85515   0.87765   0.90523   0.95186   0.98835   1.01791   1.05801   1.11765
   1.15508   1.22751   1.30632   1.39110   1.49351   1.63523   1.79337   2.01633
   2.01633   2.01633   2.01633   2.01633
   0.29545   0.35900   0.36558   0.39061   0.39430   0.42287   0.42448   0.44922
   0.46400   0.49267   0.51584   0.54150   0.58385   0.61542   0.68226   0.75699
   0.85983   0.89170   0.92880   0.94532   0.98823   1.03348   1.07705   1.11552
   1.15203   1.23630   1.31215   1.40360   1.48343   1.65374   1.81939   2.02310
   2.02310   2.02310   2.02310   2.02310
   0.29807   0.35715   0.36988   0.39089   0.39705   0.42126   0.42755   0.45203
   0.46471   0.50479   0.52015   0.55423   0.60202   0.63173   0.69236   0.77782
   0.87057   0.89151   0.91383   0.95970   0.98541   1.03075   1.07894   1.12318
   1.18225   1.24235   1.32570   1.42460   1.52639   1.65778   1.83947   2.04714
   2.04714   2.04714   2.04714   2.04714
   0.31764   0.37403   0.39782   0.40535   0.43345   0.43360   0.46298   0.46632
   0.50153   0.51672   0.53558   0.56444   0.59786   0.63702   0.69149   0.76081
   0.86551   0.89720   0.92613   0.96596   0.99950   1.02757   1.07742   1.15115
   1.18715   1.24806   1.36176   1.43988   1.53003   1.68196   1.83170   2.08062
   2.08062   2.08062   2.08062   2.08062
   0.33917   0.40106   0.41449   0.43310   0.44356   0.45986   0.47487   0.49139
   0.50982   0.53253   0.55587   0.58272   0.61629   0.65826   0.70884   0.78228
   0.88530   0.91005   0.94228   0.97548   1.01341   1.04926   1.10442   1.16237
   1.22616   1.29635   1.39063   1.49281   1.63175   1.77579   1.98251   2.23862
   2.23862   2.23862   2.23862   2.23862
   0.09959   0.12078   0.12732   0.13342   0.13964   0.14627   0.15355   0.16169
   0.17098   0.18177   0.19452   0.20992   0.22895   0.25314   0.28499   0.32895
   0.39374   0.41059   0.42921   0.44991   0.47306   0.49914   0.52873   0.56261
   0.60181   0.64769   0.70215   0.76790   0.84891   0.95131   1.08511   1.26777
   1.26777   1.26777   1.26777   1.26777
  SALT 4 sca
   0.28678   0.34479   0.36363   0.37600   0.39152   0.40353   0.42127   0.43432
   0.45795   0.48190   0.50074   0.53549   0.56852   0.61227   0.66407   0.74207
   0.85056   0.86794   0.89810   0.92900   0.95969   1.00254   1.04676   1.09560
   1.15624   1.21737   1.29611   1.37209   1.47976   1.60247   1.79054   2.00314
   2.00314   2.00314   2.00314   2.00314
   0.29523   0.34812   0.36773   0.38347   0.39517   0.41056   0.42292   0.44620
   0.47169   0.49141   0.50937   0.53810   0.57570   0.62439   0.67649   0.74484
   0.85515   0.87765   0.90523   0.95186   0.98835   1.01791   1.05801   1.11765
   1.15508   1.22751   1.30632   1.39110   1.49351   1.63523   1.79337   2.01633
   2.01633   2.01633   2.01633   2.01633
   0.29545   0.35900   0.36558   0.39061   0.39430   0.42287   0.42448   0.44922
   0.46400   0.49267   0.51584   0.54150   0.58385   0.61542   0.68226   0.75699
   0.85983   0.89170   0.92880   0.94532   0.98823   1.03348   1.07705   1.11552
   1.15203   1.23630   1.31215   1.40360   1.48343   1.65374   1.81939   2.02310
   2.02310   2.02310   2.02310   2.02310
   0.29807   0.35715   0.36988   0.39089   0.39705   0.42126   0.42755   0.45203
   0.46471   0.50479   0.52015   0.55423   0.60202   0.63173   0.69236   0.77782
   0.87057   0.89151   0.91383   0.95970   0.98541   1.03075   1.07894   1.12318
   1.18225   1.24235   1.32570   1.42460   1.52639   1.65778   1.83947   2.04714
   2.04714   2.04714   2.04714   2.04714
   0.31716   0.37357   0.39733   0.40489   0.43298   0.43315   0.46250   0.46587
   0.50108   0.51625   0.53513   0.56398   0.59739   0.63655   0.69102   0.76034
   0.86505   0.89672   0.92567   0.96549   0.99900   1.02705   1.07691   1.15065
   1.18664   1.24752   1.36122   1.43934   1.52949   1.68141   1.83109   2.08006
   2.08006   2.08006   2.08006   2.08006
   0.33464   0.39624   0.40969   0.42831   0.43871   0.45481   0.46995   0.48645
   0.50471   0.52735   0.55072   0.57738   0.61085   0.65262   0.70304   0.77601
   0.87866   0.90324   0.93528   0.96829   1.00592   1.04178   1.09658   1.15426
   1.21770   1.28779   1.38148   1.48321   1.62112   1.76442   1.97021   2.22427
   2.22427   2.22427   2.22427   2.22427
   0.09031   0.08665   0.08628   0.08616   0.08621   0.08644   0.08687   0.08753
   0.08848   0.08982   0.09166   0.09420   0.09773   0.10271   0.10994   0.12086
   0.13843   0.14323   0.14862   0.15473   0.16169   0.16967   0.17890   0.18967
   0.20237   0.21754   0.23594   0.25865   0.28728   0.32438   0.37414   0.44404
   0.44404   0.44404   0.44404   0.44404
  SALT 4 asy
   0.78966   0.79973   0.80622   0.80966   0.80994   0.81338   0.81675   0.81770
   0.81821   0.82425   0.82293   0.82529   0.82790   0.83335   0.83847   0.83653
   0.84039   0.84565   0.84291   0.84906   0.84687   0.84685   0.84945   0.84818
   0.85505   0.84847   0.85506   0.85547   0.85799   0.85891   0.85555   0.85995
   0.85995   0.85995   0.85995   0.85995
   0.78552   0.79907   0.80355   0.80757   0.80745   0.81151   0.80951   0.81563
   0.81703   0.81763   0.82426   0.82260   0.82504   0.82959   0.83002   0.83641
   0.83720   0.84233   0.84201   0.84443   0.84160   0.84746   0.84522   0.84603
   0.84982   0.85282   0.84898   0.85256   0.85534   0.85784   0.85574   0.85847
   0.85847   0.85847   0.85847   0.85847
   0.77421   0.78543   0.79302   0.79115   0.79982   0.79300   0.80319   0.80039
   0.81000   0.81490   0.80579   0.81016   0.81890   0.82010   0.82551   0.82835
   0.83416   0.83651   0.83707   0.83719   0.83951   0.84344   0.84550   0.84359
   0.84471   0.84778   0.84265   0.84667   0.85197   0.85293   0.85590   0.85415
   0.85415   0.85415   0.85415   0.85415
   0.76807   0.78501   0.79038   0.78673   0.79628   0.79297   0.80256   0.79525
   0.80525   0.81412   0.80311   0.81074   0.81812   0.81489   0.82112   0.82734
   0.82908   0.83137   0.83126   0.83286   0.83241   0.83724   0.83412   0.83267
   0.83661   0.84172   0.84300   0.84367   0.84211   0.84616   0.84658   0.85245
   0.85245   0.85245   0.85245   0.85245
   0.76474   0.78563   0.77612   0.79421   0.77899   0.79523   0.78950   0.79935
   0.80212   0.79567   0.80278   0.80748   0.81396   0.80948   0.81186   0.82029
   0.82435   0.82120   0.82800   0.82456   0.82813   0.82990   0.82770   0.83823
   0.84026   0.83403   0.83844   0.83855   0.84360   0.84288   0.84342   0.84116
   0.84116   0.84116   0.84116   0.84116
   0.68230   0.69870   0.70443   0.70435   0.71082   0.71268   0.71389   0.71798
   0.71816   0.72375   0.72747   0.72961   0.73095   0.73781   0.73636   0.74905
   0.75589   0.75485   0.76019   0.76110   0.76598   0.75898   0.77070   0.77457
   0.77890   0.77518   0.78143   0.78741   0.80474   0.80424   0.81440   0.81811
   0.81811   0.81811   0.81811   0.81811
   0.54802   0.58865   0.59843   0.60678   0.61468   0.62252   0.63053   0.63888
   0.64771   0.65720   0.66749   0.67881   0.69139   0.70556   0.72174   0.74054
   0.76281   0.76777   0.77293   0.77829   0.78388   0.78969   0.79576   0.80209
   0.80871   0.81565   0.82293   0.83061   0.83872   0.84735   0.85663   0.86678
   0.86678   0.86678   0.86678   0.86678
  SALT 4 ssa
   1.00000   1.00000   1.00000   1.00000   1.00000   1.00000   1.00000   1.00000
   1.00000   1.00000   1.00000   1.00000   1.00000   1.00000   1.00000   1.00000
   1.00000   1.00000   1.00000   1.00000   1.00000   1.00000   1.00000   1.00000
   1.00000   1.00000   1.00000   1.00000   1.00000   1.00000   1.00000   1.00000
   1.00000   1.00000   1.00000   1.00000
   1.00000   1.00000   1.00000   1.00000   1.00000   1.00000   1.00000   1.00000
   1.00000   1.00000   1.00000   1.00000   1.00000   1.00000   1.00000   1.00000
   1.00000   1.00000   1.00000   1.00000   1.00000   1.00000   1.00000   1.00000
   1.00000   1.00000   1.00000   1.00000   1.00000   1.00000   1.00000   1.00000
   1.00000   1.00000   1.00000   1.00000
   1.00000   1.00000   1.00000   1.00000   1.00000   1.00000   1.00000   1.00000
   1.00000   1.00000   1.00000   1.00000   1.00000   1.00000   1.00000   1.00000
   1.00000   1.00000   1.00000   1.00000   1.00000   1.00000   1.00000   1.00000
   1.00000   1.00000   1.00000   1.00000   1.00000   1.00000   1.00000   1.00000
   1.00000   1.00000   1.00000   1.00000
   1.00000   1.00000   1.00000   1.00000   1.00000   1.00000   1.00000   1.00000
   1.00000   1.00000   1.00000   1.00000   1.00000   1.00000   1.00000   1.00000
   1.00000   1.00000   1.00000   1.00000   1.00000   1.00000   1.00000   1.00000
   1.00000   1.00000   1.00000   1.00000   1.00000   1.00000   1.00000   1.00000
   1.00000   1.00000   1.00000   1.00000
   0.99848   0.99876   0.99876   0.99887   0.99891   0.99895   0.99895   0.99903
   0.99910   0.99909   0.99915   0.99920   0.99921   0.99926   0.99933   0.99939
   0.99947   0.99947   0.99950   0.99952   0.99950   0.99950   0.99953   0.99957
   0.99957   0.99957   0.99961   0.99962   0.99965   0.99967   0.99967   0.99973
   0.99973   0.99973   0.99973   0.99973
   0.98663   0.98798   0.98842   0.98893   0.98907   0.98903   0.98964   0.98994
   0.98997   0.99027   0.99074   0.99083   0.99117   0.99144   0.99181   0.99199
   0.99251   0.99251   0.99258   0.99263   0.99260   0.99287   0.99290   0.99302
   0.99311   0.99340   0.99342   0.99357   0.99348   0.99360   0.99379   0.99359
   0.99359   0.99359   0.99359   0.99359
   0.90682   0.71742   0.67764   0.64576   0.61739   0.59096   0.56573   0.54132
   0.51749   0.49413   0.47120   0.44874   0.42686   0.40576   0.38576   0.36741
   0.35157   0.34883   0.34628   0.34392   0.34180   0.33993   0.33835   0.33712
   0.33627   0.33588   0.33603   0.33683   0.33841   0.34098   0.34479   0.35025
   0.35025   0.35025   0.35025   0.35025
  SALT 5 ext
   0.09643   0.11755   0.12337   0.12773   0.13264   0.13741   0.14355   0.15074
   0.15716   0.16508   0.17410   0.18502   0.19747   0.21427   0.23332   0.26070
   0.29842   0.30761   0.31833   0.32981   0.34255   0.35642   0.37108   0.38932
   0.41010   0.43224   0.45953   0.49200   0.52881   0.57738   0.63544   0.71459
   0.71459   0.71459   0.71459   0.71459
   0.09698   0.11795   0.12387   0.12928   0.13293   0.13784   0.14441   0.15091
   0.15821   0.16554   0.17590   0.18555   0.20012   0.21502   0.23584   0.26252
   0.29898   0.30900   0.32010   0.33090   0.34334   0.35787   0.37326   0.39082
   0.41146   0.43484   0.46006   0.49321   0.53072   0.57858   0.64014   0.71840
   0.71840   0.71840   0.71840   0.71840
   0.09724   0.11775   0.12376   0.13029   0.13485   0.13841   0.14475   0.15184
   0.15778   0.16638   0.17635   0.18745   0.19996   0.21583   0.23759   0.26346
   0.30138   0.31091   0.32159   0.33148   0.34406   0.36030   0.37520   0.39263
   0.41274   0.43571   0.46319   0.49560   0.53377   0.58079   0.64173   0.72059
   0.72059   0.72059   0.72059   0.72059
   0.09874   0.11962   0.12508   0.13032   0.13469   0.13928   0.14655   0.15336
   0.15872   0.16969   0.17734   0.18836   0.20079   0.21750   0.23698   0.26599
   0.30194   0.31324   0.32016   0.33486   0.34699   0.36200   0.37749   0.39584
   0.41488   0.43934   0.46452   0.49648   0.53564   0.57939   0.64258   0.72188
   0.72188   0.72188   0.72188   0.72188
   0.10030   0.12208   0.12708   0.13318   0.13812   0.14178   0.14685   0.15288
   0.16130   0.16957   0.17760   0.18973   0.20355   0.22030   0.23881   0.26651
   0.30465   0.31554   0.32544   0.33517   0.34894   0.36642   0.37955   0.39876
   0.41578   0.44019   0.46856   0.50015   0.53696   0.58517   0.64926   0.72099
   0.72099   0.72099   0.72099   0.72099
   0.10429   0.12331   0.13229   0.13588   0.13949   0.14529   0.15109   0.15845
   0.16990   0.17429   0.18438   0.19739   0.20771   0.22388   0.24533   0.27375
   0.31679   0.32685   0.33765   0.34935   0.36077   0.37476   0.38956   0.40891
   0.42555   0.45003   0.47617   0.50964   0.55034   0.60692   0.65785   0.74288
   0.74288   0.74288   0.74288   0.74288
   0.17092   0.18057   0.18349   0.18624   0.18909   0.19217   0.19560   0.19953
   0.20412   0.20957   0.21617   0.22430   0.23453   0.24773   0.26533   0.28977
   0.32569   0.33497   0.34519   0.35651   0.36910   0.38320   0.39910   0.41716
   0.43786   0.46184   0.48997   0.52344   0.56401   0.61432   0.67856   0.76389
   0.76389   0.76389   0.76389   0.76389
  SALT 5 sca
   0.09643   0.11755   0.12337   0.12773   0.13264   0.13741   0.14355   0.15074
   0.15716   0.16508   0.17410   0.18502   0.19747   0.21427   0.23332   0.26070
   0.29842   0.30761   0.31833   0.32981   0.34255   0.35642   0.37108   0.38932
   0.41010   0.43224   0.45953   0.49200   0.52881   0.57738   0.63544   0.71459
   0.71459   0.71459   0.71459   0.71459
   0.09698   0.11795   0.12387   0.12928   0.13293   0.13784   0.14441   0.15091
   0.15821   0.16554   0.17590   0.18555   0.20012   0.21502   0.23584   0.26252
   0.29898   0.30900   0.32010   0.33090   0.34334   0.35787   0.37326   0.39082
   0.41146   0.43484   0.46006   0.49321   0.53072   0.57858   0.64014   0.71840
   0.71840   0.71840   0.71840   0.71840
   0.09724   0.11775   0.12376   0.13029   0.13485   0.13841   0.14475   0.15184
   0.15778   0.16638   0.17635   0.18745   0.19996   0.21583   0.23759   0.26346
   0.30138   0.31091   0.32159   0.33148   0.34406   0.36030   0.37520   0.39263
   0.41274   0.43571   0.46319   0.49560   0.53377   0.58079   0.64173   0.72059
   0.72059   0.72059   0.72059   0.72059
   0.09874   0.11962   0.12508   0.13032   0.13469   0.13928   0.14655   0.15336
   0.15872   0.16969   0.17734   0.18836   0.20079   0.21750   0.23698   0.26599
   0.30194   0.31324   0.32016   0.33486   0.34699   0.36200   0.37749   0.39584
   0.41488   0.43934   0.46452   0.49648   0.53564   0.57939   0.64258   0.72188
   0.72188   0.72188   0.72188   0.72188
   0.09989   0.12165   0.12666   0.13277   0.13770   0.14137   0.14644   0.15247
   0.16088   0.16916   0.17719   0.18931   0.20313   0.21988   0.23838   0.26610
   0.30420   0.31510   0.32499   0.33474   0.34848   0.36599   0.37910   0.39829
   0.41530   0.43971   0.46807   0.49965   0.53647   0.58467   0.64872   0.72041
   0.72041   0.72041   0.72041   0.72041
   0.10033   0.11920   0.12825   0.13175   0.13520   0.14095   0.14670   0.15403
   0.16571   0.16987   0.17987   0.19273   0.20293   0.21882   0.24005   0.26826
   0.31071   0.32052   0.33132   0.34301   0.35427   0.36777   0.38206   0.40152
   0.41779   0.44195   0.46766   0.50073   0.54058   0.59641   0.64590   0.72970
   0.72970   0.72970   0.72970   0.72970
   0.15903   0.14384   0.14125   0.13935   0.13782   0.13657   0.13555   0.13480
   0.13436   0.13429   0.13471   0.13579   0.13776   0.14105   0.14629   0.15467
   0.16839   0.17212   0.17630   0.18100   0.18631   0.19235   0.19924   0.20718
   0.21640   0.22720   0.24001   0.25543   0.27430   0.29793   0.32837   0.36912
   0.36912   0.36912   0.36912   0.36912
  SALT 5 asy
   0.81216   0.82558   0.82805   0.83098   0.83256   0.83503   0.83724   0.83931
   0.84274   0.84347   0.84516   0.85073   0.85161   0.85190   0.85722   0.85909
   0.86238   0.86154   0.86524   0.86185   0.86313   0.86546   0.86514   0.86688
   0.86441   0.86730   0.86592   0.86607   0.86782   0.86785   0.87010   0.87102
   0.87102   0.87102   0.87102   0.87102
   0.81106   0.82332   0.82823   0.82902   0.83166   0.83470   0.83834   0.84028
   0.84187   0.83981   0.84477   0.84827   0.85129   0.85431   0.85466   0.86004
   0.86403   0.86397   0.86260   0.86276   0.86317   0.86529   0.86411   0.86424
   0.86619   0.86708   0.86709   0.86762   0.86965   0.86896   0.87021   0.87048
   0.87048   0.87048   0.87048   0.87048
   0.80878   0.82122   0.82580   0.82549   0.82834   0.83132   0.83607   0.83839
   0.83801   0.84247   0.84578   0.84579   0.84533   0.85300   0.85610   0.85852
   0.86004   0.86218   0.86196   0.86026   0.86161   0.86297   0.86424   0.86247
   0.86416   0.86616   0.86741   0.86782   0.86763   0.86933   0.86980   0.87053
   0.87053   0.87053   0.87053   0.87053
   0.80547   0.82053   0.82116   0.82511   0.82854   0.82863   0.83457   0.83600
   0.83616   0.83751   0.84347   0.84337   0.84370   0.84617   0.85207   0.85365
   0.86133   0.85792   0.85954   0.86267   0.86251   0.85961   0.86262   0.86262
   0.86153   0.86574   0.86746   0.86508   0.86627   0.86909   0.87054   0.87155
   0.87155   0.87155   0.87155   0.87155
   0.80210   0.81599   0.81957   0.81945   0.82324   0.82453   0.82729   0.82948
   0.83330   0.83353   0.83909   0.84194   0.84288   0.84545   0.85143   0.85424
   0.85516   0.85651   0.85538   0.85564   0.85719   0.85741   0.86149   0.85865
   0.86039   0.86298   0.86469   0.86341   0.86683   0.86734   0.86819   0.86978
   0.86978   0.86978   0.86978   0.86978
   0.80025   0.81055   0.81467   0.81561   0.81602   0.81694   0.81895   0.82146
   0.82557   0.83141   0.82818   0.83536   0.83079   0.83537   0.84518   0.84386
   0.84909   0.84846   0.85173   0.85441   0.85474   0.85343   0.85191   0.85315
   0.85832   0.85555   0.85904   0.86298   0.86548   0.86232   0.86384   0.86685
   0.86685   0.86685   0.86685   0.86685
   0.76518   0.83568   0.84783   0.85708   0.86498   0.87209   0.87867   0.88489
   0.89086   0.89669   0.90241   0.90809   0.91376   0.91950   0.92537   0.93143
   0.93776   0.93907   0.94040   0.94176   0.94315   0.94457   0.94603   0.94754
   0.94909   0.95069   0.95234   0.95405   0.95585   0.95773   0.95975   0.96191
   0.96191   0.96191   0.96191   0.96191
  SALT 5 ssa
   1.00000   1.00000   1.00000   1.00000   1.00000   1.00000   1.00000   1.00000
   1.00000   1.00000   1.00000   1.00000   1.00000   1.00000   1.00000   1.00000
   1.00000   1.00000   1.00000   1.00000   1.00000   1.00000   1.00000   1.00000
   1.00000   1.00000   1.00000   1.00000   1.00000   1.00000   1.00000   1.00000
   1.00000   1.00000   1.00000   1.00000
   1.00000   1.00000   1.00000   1.00000   1.00000   1.00000   1.00000   1.00000
   1.00000   1.00000   1.00000   1.00000   1.00000   1.00000   1.00000   1.00000
   1.00000   1.00000   1.00000   1.00000   1.00000   1.00000   1.00000   1.00000
   1.00000   1.00000   1.00000   1.00000   1.00000   1.00000   1.00000   1.00000
   1.00000   1.00000   1.00000   1.00000
   1.00000   1.00000   1.00000   1.00000   1.00000   1.00000   1.00000   1.00000
   1.00000   1.00000   1.00000   1.00000   1.00000   1.00000   1.00000   1.00000
   1.00000   1.00000   1.00000   1.00000   1.00000   1.00000   1.00000   1.00000
   1.00000   1.00000   1.00000   1.00000   1.00000   1.00000   1.00000   1.00000
   1.00000   1.00000   1.00000   1.00000
   1.00000   1.00000   1.00000   1.00000   1.00000   1.00000   1.00000   1.00000
   1.00000   1.00000   1.00000   1.00000   1.00000   1.00000   1.00000   1.00000
   1.00000   1.00000   1.00000   1.00000   1.00000   1.00000   1.00000   1.00000
   1.00000   1.00000   1.00000   1.00000   1.00000   1.00000   1.00000   1.00000
   1.00000   1.00000   1.00000   1.00000
   0.99589   0.99653   0.99672   0.99688   0.99699   0.99712   0.99722   0.99728
   0.99741   0.99760   0.99766   0.99778   0.99794   0.99812   0.99819   0.99844
   0.99855   0.99862   0.99863   0.99870   0.99869   0.99881   0.99881   0.99882
   0.99885   0.99892   0.99896   0.99900   0.99910   0.99914   0.99917   0.99919
   0.99919   0.99919   0.99919   0.99919
   0.96210   0.96664   0.96948   0.96966   0.96926   0.97015   0.97096   0.97211
   0.97531   0.97464   0.97555   0.97641   0.97698   0.97742   0.97849   0.97994
   0.98081   0.98062   0.98124   0.98186   0.98199   0.98134   0.98077   0.98192
   0.98177   0.98205   0.98212   0.98251   0.98227   0.98268   0.98183   0.98225
   0.98225   0.98225   0.98225   0.98225
   0.93041   0.79658   0.76977   0.74821   0.72888   0.71066   0.69301   0.67560
   0.65823   0.64077   0.62316   0.60537   0.58741   0.56935   0.55136   0.53375
   0.51702   0.51384   0.51074   0.50771   0.50478   0.50195   0.49923   0.49665
   0.49421   0.49194   0.48985   0.48798   0.48634   0.48498   0.48392   0.48321
   0.48321   0.48321   0.48321   0.48321
