1
3
CMAQ
32769
ncep_nco
v2003
local_tab_yes1
fcst
oper
fcst
fcst
hour
nws_ncep
nmm_8km
complex_packing_spatial_diff
2nd_ord_sptdiff
fltng_pnt
lossless
995
AVE_PM25TOT_ON_HYBRID_LVL
?
1
tmpl4_8
PMTF
NCEP
AVE
hybrid_lvl
0
?
64
1. 2. 3. 4. 5. 6. 7. 8. 9. 10. 11. 12. 13. 14. 15. 16. 17. 18. 19. 20. 21. 22. 23. 24. 25. 26. 27. 28. 29. 30. 31. 32. 33. 34. 35. 36. 37. 38. 39. 40. 41. 42. 43. 44. 45. 46. 47. 48. 49. 50. 51. 52. 53. 54. 55. 56. 57. 58. 59. 60. 61. 62. 63. 64.
?
0
?
0
?
?
?
0
0.0
0
0.0
?
0
0.0
0
0.0
1
7.0
0
0
0
?
?
?
267
O3MR_ON_HYBRID_LVL
?
1
tmpl4_0
O3MR
NCEP
?
hybrid_lvl
0
?
64
1. 2. 3. 4. 5. 6. 7. 8. 9. 10. 11. 12. 13. 14. 15. 16. 17. 18. 19. 20. 21. 22. 23. 24. 25. 26. 27. 28. 29. 30. 31. 32. 33. 34. 35. 36. 37. 38. 39. 40. 41. 42. 43. 44. 45. 46. 47. 48. 49. 50. 51. 52. 53. 54. 55. 56. 57. 58. 59. 60. 61. 62. 63. 64.
?
0
?
0
?
?
?
0
0.0
0
0.0
?
0
0.0
0
0.0
1
7.0
0
0
0
?
?
?
994
AVE_OZCON_ON_HYBRID_LVL
?
1
tmpl4_8
OZCON
NCEP
AVE
hybrid_lvl
0
?
64
1. 2. 3. 4. 5. 6. 7. 8. 9. 10. 11. 12. 13. 14. 15. 16. 17. 18. 19. 20. 21. 22. 23. 24. 25. 26. 27. 28. 29. 30. 31. 32. 33. 34. 35. 36. 37. 38. 39. 40. 41. 42. 43. 44. 45. 46. 47. 48. 49. 50. 51. 52. 53. 54. 55. 56. 57. 58. 59. 60. 61. 62. 63. 64.
?
0
?
0
?
?
?
0
0.0
0
0.0
?
0
0.0
0
0.0
1
7.0
0
0
0
?
?
?
