1
25
CMAQ
32769
ncep_nco
v2003
local_tab_yes1
fcst
oper
fcst
fcst
hour
nws_ncep
nmm_8km
complex_packing_spatial_diff
2nd_ord_sptdiff
fltng_pnt
lossless
995
AVE_PM25TOT_ON_HYBRID_LVL
?
1
tmpl4_8
PMTF
NCEP
AVE
hybrid_lvl
0
?
64
1. 2. 3. 4. 5. 6. 7. 8. 9. 10. 11. 12. 13. 14. 15. 16. 17. 18. 19. 20. 21. 22. 23. 24. 25. 26. 27. 28. 29. 30. 31. 32. 33. 34. 35. 36. 37. 38. 39. 40. 41. 42. 43. 44. 45. 46. 47. 48. 49. 50. 51. 52. 53. 54. 55. 56. 57. 58. 59. 60. 61. 62. 63. 64.
?
0
?
0
?
?
?
?
0
0.0
0
0.0
?
0
0.0
0
0.0
0
0.0
0
0.0
1
7.0
0
0
0
?
?
?
994
AVE_OZCON_ON_HYBRID_LVL
?
1
tmpl4_8
OZCON
NCEP
AVE
hybrid_lvl
0
?
64
1. 2. 3. 4. 5. 6. 7. 8. 9. 10. 11. 12. 13. 14. 15. 16. 17. 18. 19. 20. 21. 22. 23. 24. 25. 26. 27. 28. 29. 30. 31. 32. 33. 34. 35. 36. 37. 38. 39. 40. 41. 42. 43. 44. 45. 46. 47. 48. 49. 50. 51. 52. 53. 54. 55. 56. 57. 58. 59. 60. 61. 62. 63. 64.
?
0
?
0
?
?
?
?
0
0.0
0
0.0
?
0
0.0
0
0.0
0
0.0
0
0.0
1
7.0
0
0
0
?
?
?
2
TMP_ON_HYBRID_LVL
?
1
tmpl4_0
TMP
?
?
hybrid_lvl
0
?
64
1. 2. 3. 4. 5. 6. 7. 8. 9. 10. 11. 12. 13. 14. 15. 16. 17. 18. 19. 20. 21. 22. 23. 24. 25. 26. 27. 28. 29. 30. 31. 32. 33. 34. 35. 36. 37. 38. 39. 40. 41. 42. 43. 44. 45. 46. 47. 48. 49. 50. 51. 52. 53. 54. 55. 56. 57. 58. 59. 60. 61. 62. 63. 64.
?
0
?
0
?
?
?
?
0
0.0
0
0.0
?
0
0.0
0
0.0
0
0.0
0
0.0
1
4.0
0
0
0
?
?
?
5
SPFH_ON_HYBRID_LVL
?
1
tmpl4_0
SPFH
?
?
hybrid_lvl
0
?
64
1. 2. 3. 4. 5. 6. 7. 8. 9. 10. 11. 12. 13. 14. 15. 16. 17. 18. 19. 20. 21. 22. 23. 24. 25. 26. 27. 28. 29. 30. 31. 32. 33. 34. 35. 36. 37. 38. 39. 40. 41. 42. 43. 44. 45. 46. 47. 48. 49. 50. 51. 52. 53. 54. 55. 56. 57. 58. 59. 60. 61. 62. 63. 64.
?
0
?
0
?
?
?
?
0
0.0
0
0.0
?
0
0.0
0
0.0
0
0.0
0
0.0
1
7.0
0
0
0
?
?
?
7
UGRD_ON_HYBRID_LVL
?
1
tmpl4_0
UGRD
?
?
hybrid_lvl
0
?
64
1. 2. 3. 4. 5. 6. 7. 8. 9. 10. 11. 12. 13. 14. 15. 16. 17. 18. 19. 20. 21. 22. 23. 24. 25. 26. 27. 28. 29. 30. 31. 32. 33. 34. 35. 36. 37. 38. 39. 40. 41. 42. 43. 44. 45. 46. 47. 48. 49. 50. 51. 52. 53. 54. 55. 56. 57. 58. 59. 60. 61. 62. 63. 64.
?
0
?
0
?
?
?
?
0
0.0
0
0.0
?
0
0.0
0
0.0
0
0.0
0
0.0
1
4.0
0
0
0
?
?
?
8
VGRD_ON_HYBRID_LVL
?
1
tmpl4_0
VGRD
?
?
hybrid_lvl
0
?
64
1. 2. 3. 4. 5. 6. 7. 8. 9. 10. 11. 12. 13. 14. 15. 16. 17. 18. 19. 20. 21. 22. 23. 24. 25. 26. 27. 28. 29. 30. 31. 32. 33. 34. 35. 36. 37. 38. 39. 40. 41. 42. 43. 44. 45. 46. 47. 48. 49. 50. 51. 52. 53. 54. 55. 56. 57. 58. 59. 60. 61. 62. 63. 64.
?
0
?
0
?
?
?
?
0
0.0
0
0.0
?
0
0.0
0
0.0
0
0.0
0
0.0
1
4.0
0
0
0
?
?
?
264
DZDT_ON_HYBRID_LVL
?
1
tmpl4_0
DZDT
?
?
hybrid_lvl
0
?
64
1. 2. 3. 4. 5. 6. 7. 8. 9. 10. 11. 12. 13. 14. 15. 16. 17. 18. 19. 20. 21. 22. 23. 24. 25. 26. 27. 28. 29. 30. 31. 32. 33. 34. 35. 36. 37. 38. 39. 40. 41. 42. 43. 44. 45. 46. 47. 48. 49. 50. 51. 52. 53. 54. 55. 56. 57. 58. 59. 60. 61. 62. 63. 64.
?
0
?
0
?
?
?
?
0
0.0
0
0.0
?
0
0.0
0
0.0
0
0.0
0
0.0
1
4.0
0
0
0
?
?
?
145
TCDC_ON_HYBRID_LVL
?
1
tmpl4_0
TCDC
?
?
hybrid_lvl
0
?
64
1. 2. 3. 4. 5. 6. 7. 8. 9. 10. 11. 12. 13. 14. 15. 16. 17. 18. 19. 20. 21. 22. 23. 24. 25. 26. 27. 28. 29. 30. 31. 32. 33. 34. 35. 36. 37. 38. 39. 40. 41. 42. 43. 44. 45. 46. 47. 48. 49. 50. 51. 52. 53. 54. 55. 56. 57. 58. 59. 60. 61. 62. 63. 64.
?
0
?
0
?
?
?
?
0
0.0
0
0.0
?
0
0.0
0
0.0
0
0.0
0
0.0
1
3.0
0
0
0
?
?
?
106
TMP_ON_SPEC_HGT_LVL_ABOVE_GRND_2m
?
1
tmpl4_0
TMP
?
?
spec_hgt_lvl_above_grnd
0
?
1
2.
?
0
?
0
?
?
?
?
0
0.0
0
0.0
?
0
0.0
0
0.0
0
0.0
0
0.0
1
4.0
0
0
0
?
?
?
112
SPFH_ON_SPEC_HGT_LVL_ABOVE_GRND_2m
?
1
tmpl4_0
SPFH
?
?
spec_hgt_lvl_above_grnd
0
?
1
2.
?
0
?
0
?
?
?
?
0
0.0
0
0.0
?
0
0.0
0
0.0
0
0.0
0
0.0
1
4.0
0
0
0
?
?
?
113
DPT_ON_SPEC_HGT_LVL_ABOVE_GRND_2m
?
1
tmpl4_0
DPT
?
?
spec_hgt_lvl_above_grnd
0
?
1
2.
?
0
?
0
?
?
?
?
0
0.0
0
0.0
?
0
0.0
0
0.0
0
0.0
0
0.0
1
4.0
0
0
0
?
?
?
114
RH_ON_SPEC_HGT_LVL_ABOVE_GRND_2m
?
1
tmpl4_0
RH
?
?
spec_hgt_lvl_above_grnd
0
?
1
2.
?
0
?
0
?
?
?
?
0
0.0
0
0.0
?
0
0.0
0
0.0
0
0.0
0
0.0
1
3.0
0
0
0
?
?
?
64
UGRD_ON_SPEC_HGT_LVL_ABOVE_GRND_10m
?
1
tmpl4_0
UGRD
?
?
spec_hgt_lvl_above_grnd
0
?
1
10.
?
0
?
0
?
?
?
?
0
0.0
0
0.0
?
0
0.0
0
0.0
0
0.0
0
0.0
1
4.0
0
0
0
?
?
?
65
VGRD_ON_SPEC_HGT_LVL_ABOVE_GRND_10m
?
1
tmpl4_0
VGRD
?
?
spec_hgt_lvl_above_grnd
0
?
1
10.
?
0
?
0
?
?
?
?
0
0.0
0
0.0
?
0
0.0
0
0.0
0
0.0
0
0.0
1
4.0
0
0
0
?
?
?
344
PBLREG_ON_SURFACE
?
1
tmpl4_0
PBLREG
?
?
surface
0
?
0
?
?
0
?
0
?
?
?
?
0
0.0
0
0.0
?
0
0.0
0
0.0
0
0.0
0
0.0
1
2.0
0
0
0
?
?
?
13
TMP_ON_ISOBARIC_SFC
?
1
tmpl4_0
TMP
?
?
isobaric_sfc
0
?
5
50000. 70000. 85000. 92500. 100000.
?
0
?
0
?
?
?
?
0
0.0
0
0.0
?
0
0.0
0
0.0
0
0.0
0
0.0
1
-4.0
0
0
0
?
?
?
15
DPT_ON_ISOBARIC_SFC
?
1
tmpl4_0
DPT
?
?
isobaric_sfc
0
?
5
50000. 70000. 85000. 92500. 100000.
?
0
?
0
?
?
?
?
0
0.0
0
0.0
?
0
0.0
0
0.0
0
0.0
0
0.0
1
-4.0
0
0
0
?
?
?
12
HGT_ON_ISOBARIC_SFC
?
1
tmpl4_0
HGT
?
?
isobaric_sfc
0
?
4
50000. 70000. 85000. 100000.
?
0
?
0
?
?
?
?
0
0.0
0
0.0
?
0
0.0
0
0.0
0
0.0
0
0.0
1
-5.0
0
0
0
?
?
?
18
UGRD_ON_ISOBARIC_SFC
?
1
tmpl4_0
UGRD
?
?
isobaric_sfc
0
?
7
25000. 30000. 50000. 70000. 85000. 92500. 100000.
?
0
?
0
?
?
?
?
0
0.0
0
0.0
?
0
0.0
0
0.0
0
0.0
0
0.0
1
-4.0
0
0
0
?
?
?
19
VGRD_ON_ISOBARIC_SFC
?
1
tmpl4_0
VGRD
?
?
isobaric_sfc
0
?
7
25000. 30000. 50000. 70000. 85000. 92500. 100000.
?
0
?
0
?
?
?
?
0
0.0
0
0.0
?
0
0.0
0
0.0
0
0.0
0
0.0
1
-4.0
0
0
0
?
?
?
32
CAPE_ON_SURFACE
?
1
tmpl4_0
CAPE
?
?
surface
0
?
0
?
?
0
?
0
?
?
?
?
0
0.0
0
0.0
?
0
0.0
0
0.0
0
0.0
0
0.0
1
3.0
0
0
0
?
?
?
566
BEST_CAPE_ON_SPEC_PRES_ABOVE_GRND
?
1
tmpl4_0
CAPE
?
?
spec_pres_above_grnd
0
?
1
18000.
spec_pres_above_grnd
0
?
1
0.
?
?
?
0
0.0
0
0.0
?
0
0.0
0
0.0
0
0.0
0
0.0
1
3.0
0
0
0
?
?
?
582
MIXED_LAYER_CAPE_ON_SPEC_PRES_ABOVE_GRND
?
1
tmpl4_0
CAPE
?
?
spec_pres_above_grnd
0
?
1
9000.
spec_pres_above_grnd
0
?
1
0.
?
?
?
0
0.0
0
0.0
?
0
0.0
0
0.0
0
0.0
0
0.0
1
3.0
0
0
0
?
?
?
712
AER_OPT_AQM_at550
?
1
tmpl4_48
AOTK
?
?
entire_atmos_single_lyr
0
?
0
?
?
0
?
0
?
total_aerosol
?
smaller_than_first_limit
0
0
0
0.0
?
0
0.0
0
0.0
0
0.0
0
0.0
1
9.0
0
0
0
?
?
?
221
HPBL_ON_SURFACE
?
1
tmpl4_0
HPBL
NCEP
?
surface
0
?
0
?
?
0
?
0
?
?
?
?
0
0.0
0
0.0
?
0
0.0
0
0.0
0
0.0
0
0.0
1
6.0
0
0
0
?
?
?
