2
12
9
GFSSTD
0
ncep_nco
v2003
local_tab_yes1
fcst
oper
fcst
fcst
hour
nws_ncep
gfs_avn
complex_packing_spatial_diff
2nd_ord_sptdiff
fltng_pnt
lossless
464
EDPARM_GTG_ON_ICAO_STD_SFC
?
1
tmpl4_0
EDPARM
?
?
isobaric_sfc
0
?
38
7000. 10040. 12770. 14750. 17870. 19680. 22730. 25000. 27450. 30090. 32500. 34430. 37500. 39270. 42500. 44650. 47500. 50600. 52500. 55000. 57500. 59520. 62500. 65000. 67500. 69680. 72500. 75260. 77500. 81200. 82500. 84310. 87500. 90000. 92500. 95000. 97500. 100000.
?
0
?
0
?
?
?
0
0.0
0
0.0
?
0
0.0
0
0.0
1
3.0
0
0
0
?
?
?
465
CAT_GTG_ON_ICAO_STD_SFC
?
1
tmpl4_0
CATEDR
?
?
isobaric_sfc
0
?
38
7000. 10040. 12770. 14750. 17870. 19680. 22730. 25000. 27450. 30090. 32500. 34430. 37500. 39270. 42500. 44650. 47500. 50600. 52500. 55000. 57500. 59520. 62500. 65000. 67500. 69680. 72500. 75260. 77500. 81200. 82500. 84310. 87500. 90000. 92500. 95000. 97500. 100000.
?
0
?
0
?
?
?
0
0.0
0
0.0
?
0
0.0
0
0.0
1
3.0
0
0
0
?
?
?
466
MWTURB_GTG_ON_ICAO_STD_SFC
?
1
tmpl4_0
MWTURB
?
?
isobaric_sfc
0
?
38
7000. 10040. 12770. 14750. 17870. 19680. 22730. 25000. 27450. 30090. 32500. 34430. 37500. 39270. 42500. 44650. 47500. 50600. 52500. 55000. 57500. 59520. 62500. 65000. 67500. 69680. 72500. 75260. 77500. 81200. 82500. 84310. 87500. 90000. 92500. 95000. 97500. 100000.
?
0
?
0
?
?
?
0
0.0
0
0.0
?
0
0.0
0
0.0
1
3.0
0
0
0
?
?
?
450
ICIP_ON_ICAO_STD_SFC
Total Icing Potential Diagnostic on standard atmospheric isobaric sfc
1
tmpl4_0
ICIP
?
?
isobaric_sfc
0
?
38
7000. 10040. 12770. 14750. 17870. 19680. 22730. 25000. 27450. 30090. 32500. 34430. 37500. 39270. 42500. 44650. 47500. 50600. 52500. 55000. 57500. 59520. 62500. 65000. 67500. 69680. 72500. 75260. 77500. 81200. 82500. 84310. 87500. 90000. 92500. 95000. 97500. 100000.
?
0
?
0
?
?
?
0
0.0
0
0.0
?
0
0.0
0
0.0
1
3.0
0
0
0
?
?
?
480
ICESEV_ON_ICAO_STD_SFC
Icing severity on standard atmospheric isobaric levels
1
tmpl4_0
ICESEV
?
?
isobaric_sfc
0
?
38
7000. 10040. 12770. 14750. 17870. 19680. 22730. 25000. 27450. 30090. 32500. 34430. 37500. 39270. 42500. 44650. 47500. 50600. 52500. 55000. 57500. 59520. 62500. 65000. 67500. 69680. 72500. 75260. 77500. 81200. 82500. 84310. 87500. 90000. 92500. 95000. 97500. 100000.
?
0
?
0
?
?
?
0
0.0
0
0.0
?
0
0.0
0
0.0
1
1.0
0
0
0
?
?
?
518
HGT_ON_ICAO_STD_SFC
?
1
tmpl4_0
HGT
?
?
isobaric_sfc
0
?
38
7000. 10040. 12770. 14750. 17870. 19680. 22730. 25000. 27450. 30090. 32500. 34430. 37500. 39270. 42500. 44650. 47500. 50600. 52500. 55000. 57500. 59520. 62500. 65000. 67500. 69680. 72500. 75260. 77500. 81200. 82500. 84310. 87500. 90000. 92500. 95000. 97500. 100000.
?
0
?
0
?
?
?
0
0.0
0
0.0
?
0
0.0
0
0.0
1
3.0
0
0
0
?
?
?
519
TMP_ON_ICAO_STD_SFC
?
1
tmpl4_0
TMP
?
?
isobaric_sfc
0
?
38
7000. 10040. 12770. 14750. 17870. 19680. 22730. 25000. 27450. 30090. 32500. 34430. 37500. 39270. 42500. 44650. 47500. 50600. 52500. 55000. 57500. 59520. 62500. 65000. 67500. 69680. 72500. 75260. 77500. 81200. 82500. 84310. 87500. 90000. 92500. 95000. 97500. 100000.
?
0
?
0
?
?
?
0
0.0
0
0.0
?
0
0.0
0
0.0
1
3.0
0
0
0
?
?
?
520
UGRD_ON_ICAO_STD_SFC
?
1
tmpl4_0
UGRD
?
?
isobaric_sfc
0
?
38
7000. 10040. 12770. 14750. 17870. 19680. 22730. 25000. 27450. 30090. 32500. 34430. 37500. 39270. 42500. 44650. 47500. 50600. 52500. 55000. 57500. 59520. 62500. 65000. 67500. 69680. 72500. 75260. 77500. 81200. 82500. 84310. 87500. 90000. 92500. 95000. 97500. 100000.
?
0
?
0
?
?
?
0
0.0
0
0.0
?
0
0.0
0
0.0
1
3.0
0
0
0
?
?
?
521
VGRD_ON_ICAO_STD_SFC
?
1
tmpl4_0
VGRD
?
?
isobaric_sfc
0
?
38
7000. 10040. 12770. 14750. 17870. 19680. 22730. 25000. 27450. 30090. 32500. 34430. 37500. 39270. 42500. 44650. 47500. 50600. 52500. 55000. 57500. 59520. 62500. 65000. 67500. 69680. 72500. 75260. 77500. 81200. 82500. 84310. 87500. 90000. 92500. 95000. 97500. 100000.
?
0
?
0
?
?
?
0
0.0
0
0.0
?
0
0.0
0
0.0
1
3.0
0
0
0
?
?
?
GFSPRS
0
ncep_nco
v2003
local_tab_yes1
fcst
oper
fcst
fcst
hour
nws_ncep
gfs_avn
complex_packing_spatial_diff
2nd_ord_sptdiff
fltng_pnt
lossless
476
EDPARM_ON_ISOBARIC_SFC
?
1
tmpl4_0
EDPARM
?
?
isobaric_sfc
0
?
41
12770. 14750. 15470. 16240. 17040. 17870. 18750. 19680. 20650. 21660. 22730. 23840. 25000. 26200. 27450. 28740. 30090. 31490. 32930. 34430. 35990. 37600. 39270. 41000. 42790. 44650. 46560. 48550. 50600. 52720. 54920. 57180. 59520. 61940. 64440. 67020. 69680. 72430. 81200. 90810. 97720.
?
0
?
0
?
?
?
0
0.0
0
0.0
?
0
0.0
0
0.0
1
3.0
0
0
0
?
?
?
477
CAT_ON_ISOBARIC_SFC
?
1
tmpl4_0
CATEDR
?
?
isobaric_sfc
0
?
41
12770. 14750. 15470. 16240. 17040. 17870. 18750. 19680. 20650. 21660. 22730. 23840. 25000. 26200. 27450. 28740. 30090. 31490. 32930. 34430. 35990. 37600. 39270. 41000. 42790. 44650. 46560. 48550. 50600. 52720. 54920. 57180. 59520. 61940. 64440. 67020. 69680. 72430. 81200. 90810. 97720.
?
0
?
0
?
?
?
0
0.0
0
0.0
?
0
0.0
0
0.0
1
3.0
0
0
0
?
?
?
478
MWTURB_ON_ISOBARIC_SFC
?
1
tmpl4_0
MWTURB
?
?
isobaric_sfc
0
?
41
12770. 14750. 15470. 16240. 17040. 17870. 18750. 19680. 20650. 21660. 22730. 23840. 25000. 26200. 27450. 28740. 30090. 31490. 32930. 34430. 35990. 37600. 39270. 41000. 42790. 44650. 46560. 48550. 50600. 52720. 54920. 57180. 59520. 61940. 64440. 67020. 69680. 72430. 81200. 90810. 97720.
?
0
?
0
?
?
?
0
0.0
0
0.0
?
0
0.0
0
0.0
1
3.0
0
0
0
?
?
?
479
ICESEV_ON_ISOBARIC_SFC
?
1
tmpl4_0
ICESEV
?
?
isobaric_sfc
0
?
28
30090. 31490. 32930. 34430. 35990. 37600. 39270. 41000. 42790. 44650. 46560. 48550. 50600. 52720. 54920. 57180. 59520. 61940. 64440. 67020. 69680. 72430. 75260. 78190. 81200. 84310. 90810. 97720.
?
0
?
0
?
?
?
0
0.0
0
0.0
?
0
0.0
0
0.0
1
1.0
0
0
0
?
?
?
12
HGT_ON_ISOBARIC_SFC
?
1
tmpl4_0
HGT
?
?
isobaric_sfc
0
?
56
7170. 7520. 7900. 8280. 8700. 9120. 9570. 10040. 10530. 11050. 11600. 12170. 12770. 13400. 14060. 14750. 15470. 16240. 17040. 17870. 18750. 19680. 20650. 21660. 22730. 23840. 25000. 26200. 27450. 28740. 30090. 31490. 32930. 34430. 35990. 37600. 39270. 41000. 42790. 44650. 46560. 48550. 50600. 52720. 54920. 57180. 59520. 61940. 64440. 67020. 69680. 72430. 75260. 78190. 81200. 84310.
?
0
?
0
?
?
?
0
0.0
0
0.0
?
0
0.0
0
0.0
1
6.0
0
0
0
?
?
?
13
TMP_ON_ISOBARIC_SFC
?
1
tmpl4_0
TMP
?
?
isobaric_sfc
0
?
56
7170. 7520. 7900. 8280. 8700. 9120. 9570. 10040. 10530. 11050. 11600. 12170. 12770. 13400. 14060. 14750. 15470. 16240. 17040. 17870. 18750. 19680. 20650. 21660. 22730. 23840. 25000. 26200. 27450. 28740. 30090. 31490. 32930. 34430. 35990. 37600. 39270. 41000. 42790. 44650. 46560. 48550. 50600. 52720. 54920. 57180. 59520. 61940. 64440. 67020. 69680. 72430. 75260. 78190. 81200. 84310.
?
0
?
0
?
?
?
0
0.0
0
0.0
?
0
0.0
0
0.0
1
4.0
0
0
0
?
?
?
18
UGRD_ON_ISOBARIC_SFC
?
1
tmpl4_0
UGRD
?
?
isobaric_sfc
0
?
56
7170. 7520. 7900. 8280. 8700. 9120. 9570. 10040. 10530. 11050. 11600. 12170. 12770. 13400. 14060. 14750. 15470. 16240. 17040. 17870. 18750. 19680. 20650. 21660. 22730. 23840. 25000. 26200. 27450. 28740. 30090. 31490. 32930. 34430. 35990. 37600. 39270. 41000. 42790. 44650. 46560. 48550. 50600. 52720. 54920. 57180. 59520. 61940. 64440. 67020. 69680. 72430. 75260. 78190. 81200. 84310.
?
0
?
0
?
?
?
0
0.0
0
0.0
?
0
0.0
0
0.0
1
4.0
0
0
0
?
?
?
19
VGRD_ON_ISOBARIC_SFC
?
1
tmpl4_0
VGRD
?
?
isobaric_sfc
0
?
56
7170. 7520. 7900. 8280. 8700. 9120. 9570. 10040. 10530. 11050. 11600. 12170. 12770. 13400. 14060. 14750. 15470. 16240. 17040. 17870. 18750. 19680. 20650. 21660. 22730. 23840. 25000. 26200. 27450. 28740. 30090. 31490. 32930. 34430. 35990. 37600. 39270. 41000. 42790. 44650. 46560. 48550. 50600. 52720. 54920. 57180. 59520. 61940. 64440. 67020. 69680. 72430. 75260. 78190. 81200. 84310.
?
0
?
0
?
?
?
0
0.0
0
0.0
?
0
0.0
0
0.0
1
4.0
0
0
0
?
?
?
17
RH_ON_ISOBARIC_SFC
?
1
tmpl4_0
RH
?
?
isobaric_sfc
0
?
14
50600. 52720. 54920. 57180. 59520. 61940. 64440. 67020. 69680. 72430. 75260. 78190. 81200. 84310.
?
0
?
0
?
?
?
0
0.0
0
0.0
?
0
0.0
0
0.0
1
3.0
0
0
0
?
?
?
473
CBHE_ON_ENTIRE_ATMOS
?
1
tmpl4_0
CBHE
?
?
entire_atmos
0
?
0
?
?
0
?
0
?
?
?
0
0.0
0
0.0
?
0
0.0
0
0.0
1
3.0
0
0
0
?
?
?
474
ICAHT_ON_CB_BASE
?
1
tmpl4_0
ICAHT
?
?
cb_base
0
?
0
?
?
0
?
0
?
?
?
0
0.0
0
0.0
?
0
0.0
0
0.0
1
6.0
0
0
0
?
?
?
475
ICAHT_ON_CB_TOP
?
1
tmpl4_0
ICAHT
?
?
cb_top
0
?
0
?
?
0
?
0
?
?
?
0
0.0
0
0.0
?
0
0.0
0
0.0
1
6.0
0
0
0
?
?
?
