  DUST 1 ext
   1.94864   1.94864   1.94864   1.94864   1.94864   1.94864   1.94864   1.94864
   1.94864   1.94864   1.94864   1.94864   1.94864   1.94864   1.94864   1.94864
   1.94864   1.94864   1.94864   1.94864   1.94864   1.94864   1.94864   1.94864
   1.94864   1.94864   1.94864   1.94864   1.94864   1.94864   1.94864   1.94864
   1.94864   1.94864   1.94864   1.94864
   2.01649   2.01649   2.01649   2.01649   2.01649   2.01649   2.01649   2.01649
   2.01649   2.01649   2.01649   2.01649   2.01649   2.01649   2.01649   2.01649
   2.01649   2.01649   2.01649   2.01649   2.01649   2.01649   2.01649   2.01649
   2.01649   2.01649   2.01649   2.01649   2.01649   2.01649   2.01649   2.01649
   2.01649   2.01649   2.01649   2.01649
   2.01649   2.01649   2.01649   2.01649   2.01649   2.01649   2.01649   2.01649
   2.01649   2.01649   2.01649   2.01649   2.01649   2.01649   2.01649   2.01649
   2.01649   2.01649   2.01649   2.01649   2.01649   2.01649   2.01649   2.01649
   2.01649   2.01649   2.01649   2.01649   2.01649   2.01649   2.01649   2.01649
   2.01649   2.01649   2.01649   2.01649
   1.99528   1.99528   1.99528   1.99528   1.99528   1.99528   1.99528   1.99528
   1.99528   1.99528   1.99528   1.99528   1.99528   1.99528   1.99528   1.99528
   1.99528   1.99528   1.99528   1.99528   1.99528   1.99528   1.99528   1.99528
   1.99528   1.99528   1.99528   1.99528   1.99528   1.99528   1.99528   1.99528
   1.99528   1.99528   1.99528   1.99528
   1.93435   1.93435   1.93435   1.93435   1.93435   1.93435   1.93435   1.93435
   1.93435   1.93435   1.93435   1.93435   1.93435   1.93435   1.93435   1.93435
   1.93435   1.93435   1.93435   1.93435   1.93435   1.93435   1.93435   1.93435
   1.93435   1.93435   1.93435   1.93435   1.93435   1.93435   1.93435   1.93435
   1.93435   1.93435   1.93435   1.93435
   1.29773   1.29773   1.29773   1.29773   1.29773   1.29773   1.29773   1.29773
   1.29773   1.29773   1.29773   1.29773   1.29773   1.29773   1.29773   1.29773
   1.29773   1.29773   1.29773   1.29773   1.29773   1.29773   1.29773   1.29773
   1.29773   1.29773   1.29773   1.29773   1.29773   1.29773   1.29773   1.29773
   1.29773   1.29773   1.29773   1.29773
   0.11377   0.11377   0.11377   0.11377   0.11377   0.11377   0.11377   0.11377
   0.11377   0.11377   0.11377   0.11377   0.11377   0.11377   0.11377   0.11377
   0.11377   0.11377   0.11377   0.11377   0.11377   0.11377   0.11377   0.11377
   0.11377   0.11377   0.11377   0.11377   0.11377   0.11377   0.11377   0.11377
   0.11377   0.11377   0.11377   0.11377
  DUST 1 sca
   1.74200   1.74200   1.74200   1.74200   1.74200   1.74200   1.74200   1.74200
   1.74200   1.74200   1.74200   1.74200   1.74200   1.74200   1.74200   1.74200
   1.74200   1.74200   1.74200   1.74200   1.74200   1.74200   1.74200   1.74200
   1.74200   1.74200   1.74200   1.74200   1.74200   1.74200   1.74200   1.74200
   1.74200   1.74200   1.74200   1.74200
   1.94363   1.94363   1.94363   1.94363   1.94363   1.94363   1.94363   1.94363
   1.94363   1.94363   1.94363   1.94363   1.94363   1.94363   1.94363   1.94363
   1.94363   1.94363   1.94363   1.94363   1.94363   1.94363   1.94363   1.94363
   1.94363   1.94363   1.94363   1.94363   1.94363   1.94363   1.94363   1.94363
   1.94363   1.94363   1.94363   1.94363
   1.94363   1.94363   1.94363   1.94363   1.94363   1.94363   1.94363   1.94363
   1.94363   1.94363   1.94363   1.94363   1.94363   1.94363   1.94363   1.94363
   1.94363   1.94363   1.94363   1.94363   1.94363   1.94363   1.94363   1.94363
   1.94363   1.94363   1.94363   1.94363   1.94363   1.94363   1.94363   1.94363
   1.94363   1.94363   1.94363   1.94363
   1.94481   1.94481   1.94481   1.94481   1.94481   1.94481   1.94481   1.94481
   1.94481   1.94481   1.94481   1.94481   1.94481   1.94481   1.94481   1.94481
   1.94481   1.94481   1.94481   1.94481   1.94481   1.94481   1.94481   1.94481
   1.94481   1.94481   1.94481   1.94481   1.94481   1.94481   1.94481   1.94481
   1.94481   1.94481   1.94481   1.94481
   1.89485   1.89485   1.89485   1.89485   1.89485   1.89485   1.89485   1.89485
   1.89485   1.89485   1.89485   1.89485   1.89485   1.89485   1.89485   1.89485
   1.89485   1.89485   1.89485   1.89485   1.89485   1.89485   1.89485   1.89485
   1.89485   1.89485   1.89485   1.89485   1.89485   1.89485   1.89485   1.89485
   1.89485   1.89485   1.89485   1.89485
   1.25799   1.25799   1.25799   1.25799   1.25799   1.25799   1.25799   1.25799
   1.25799   1.25799   1.25799   1.25799   1.25799   1.25799   1.25799   1.25799
   1.25799   1.25799   1.25799   1.25799   1.25799   1.25799   1.25799   1.25799
   1.25799   1.25799   1.25799   1.25799   1.25799   1.25799   1.25799   1.25799
   1.25799   1.25799   1.25799   1.25799
   0.00540   0.00540   0.00540   0.00540   0.00540   0.00540   0.00540   0.00540
   0.00540   0.00540   0.00540   0.00540   0.00540   0.00540   0.00540   0.00540
   0.00540   0.00540   0.00540   0.00540   0.00540   0.00540   0.00540   0.00540
   0.00540   0.00540   0.00540   0.00540   0.00540   0.00540   0.00540   0.00540
   0.00540   0.00540   0.00540   0.00540
  DUST 1 asy
   0.76166   0.76166   0.76166   0.76166   0.76166   0.76166   0.76166   0.76166
   0.76166   0.76166   0.76166   0.76166   0.76166   0.76166   0.76166   0.76166
   0.76166   0.76166   0.76166   0.76166   0.76166   0.76166   0.76166   0.76166
   0.76166   0.76166   0.76166   0.76166   0.76166   0.76166   0.76166   0.76166
   0.76166   0.76166   0.76166   0.76166
   0.71088   0.71088   0.71088   0.71088   0.71088   0.71088   0.71088   0.71088
   0.71088   0.71088   0.71088   0.71088   0.71088   0.71088   0.71088   0.71088
   0.71088   0.71088   0.71088   0.71088   0.71088   0.71088   0.71088   0.71088
   0.71088   0.71088   0.71088   0.71088   0.71088   0.71088   0.71088   0.71088
   0.71088   0.71088   0.71088   0.71088
   0.71088   0.71088   0.71088   0.71088   0.71088   0.71088   0.71088   0.71088
   0.71088   0.71088   0.71088   0.71088   0.71088   0.71088   0.71088   0.71088
   0.71088   0.71088   0.71088   0.71088   0.71088   0.71088   0.71088   0.71088
   0.71088   0.71088   0.71088   0.71088   0.71088   0.71088   0.71088   0.71088
   0.71088   0.71088   0.71088   0.71088
   0.70697   0.70697   0.70697   0.70697   0.70697   0.70697   0.70697   0.70697
   0.70697   0.70697   0.70697   0.70697   0.70697   0.70697   0.70697   0.70697
   0.70697   0.70697   0.70697   0.70697   0.70697   0.70697   0.70697   0.70697
   0.70697   0.70697   0.70697   0.70697   0.70697   0.70697   0.70697   0.70697
   0.70697   0.70697   0.70697   0.70697
   0.70487   0.70487   0.70487   0.70487   0.70487   0.70487   0.70487   0.70487
   0.70487   0.70487   0.70487   0.70487   0.70487   0.70487   0.70487   0.70487
   0.70487   0.70487   0.70487   0.70487   0.70487   0.70487   0.70487   0.70487
   0.70487   0.70487   0.70487   0.70487   0.70487   0.70487   0.70487   0.70487
   0.70487   0.70487   0.70487   0.70487
   0.65305   0.65305   0.65305   0.65305   0.65305   0.65305   0.65305   0.65305
   0.65305   0.65305   0.65305   0.65305   0.65305   0.65305   0.65305   0.65305
   0.65305   0.65305   0.65305   0.65305   0.65305   0.65305   0.65305   0.65305
   0.65305   0.65305   0.65305   0.65305   0.65305   0.65305   0.65305   0.65305
   0.65305   0.65305   0.65305   0.65305
   0.03460   0.03460   0.03460   0.03460   0.03460   0.03460   0.03460   0.03460
   0.03460   0.03460   0.03460   0.03460   0.03460   0.03460   0.03460   0.03460
   0.03460   0.03460   0.03460   0.03460   0.03460   0.03460   0.03460   0.03460
   0.03460   0.03460   0.03460   0.03460   0.03460   0.03460   0.03460   0.03460
   0.03460   0.03460   0.03460   0.03460
  DUST 1 ssa
   0.89396   0.89396   0.89396   0.89396   0.89396   0.89396   0.89396   0.89396
   0.89396   0.89396   0.89396   0.89396   0.89396   0.89396   0.89396   0.89396
   0.89396   0.89396   0.89396   0.89396   0.89396   0.89396   0.89396   0.89396
   0.89396   0.89396   0.89396   0.89396   0.89396   0.89396   0.89396   0.89396
   0.89396   0.89396   0.89396   0.89396
   0.96387   0.96387   0.96387   0.96387   0.96387   0.96387   0.96387   0.96387
   0.96387   0.96387   0.96387   0.96387   0.96387   0.96387   0.96387   0.96387
   0.96387   0.96387   0.96387   0.96387   0.96387   0.96387   0.96387   0.96387
   0.96387   0.96387   0.96387   0.96387   0.96387   0.96387   0.96387   0.96387
   0.96387   0.96387   0.96387   0.96387
   0.96387   0.96387   0.96387   0.96387   0.96387   0.96387   0.96387   0.96387
   0.96387   0.96387   0.96387   0.96387   0.96387   0.96387   0.96387   0.96387
   0.96387   0.96387   0.96387   0.96387   0.96387   0.96387   0.96387   0.96387
   0.96387   0.96387   0.96387   0.96387   0.96387   0.96387   0.96387   0.96387
   0.96387   0.96387   0.96387   0.96387
   0.97471   0.97471   0.97471   0.97471   0.97471   0.97471   0.97471   0.97471
   0.97471   0.97471   0.97471   0.97471   0.97471   0.97471   0.97471   0.97471
   0.97471   0.97471   0.97471   0.97471   0.97471   0.97471   0.97471   0.97471
   0.97471   0.97471   0.97471   0.97471   0.97471   0.97471   0.97471   0.97471
   0.97471   0.97471   0.97471   0.97471
   0.97958   0.97958   0.97958   0.97958   0.97958   0.97958   0.97958   0.97958
   0.97958   0.97958   0.97958   0.97958   0.97958   0.97958   0.97958   0.97958
   0.97958   0.97958   0.97958   0.97958   0.97958   0.97958   0.97958   0.97958
   0.97958   0.97958   0.97958   0.97958   0.97958   0.97958   0.97958   0.97958
   0.97958   0.97958   0.97958   0.97958
   0.96938   0.96938   0.96938   0.96938   0.96938   0.96938   0.96938   0.96938
   0.96938   0.96938   0.96938   0.96938   0.96938   0.96938   0.96938   0.96938
   0.96938   0.96938   0.96938   0.96938   0.96938   0.96938   0.96938   0.96938
   0.96938   0.96938   0.96938   0.96938   0.96938   0.96938   0.96938   0.96938
   0.96938   0.96938   0.96938   0.96938
   0.04749   0.04749   0.04749   0.04749   0.04749   0.04749   0.04749   0.04749
   0.04749   0.04749   0.04749   0.04749   0.04749   0.04749   0.04749   0.04749
   0.04749   0.04749   0.04749   0.04749   0.04749   0.04749   0.04749   0.04749
   0.04749   0.04749   0.04749   0.04749   0.04749   0.04749   0.04749   0.04749
   0.04749   0.04749   0.04749   0.04749
  DUST 2 ext
   0.59199   0.59199   0.59199   0.59199   0.59199   0.59199   0.59199   0.59199
   0.59199   0.59199   0.59199   0.59199   0.59199   0.59199   0.59199   0.59199
   0.59199   0.59199   0.59199   0.59199   0.59199   0.59199   0.59199   0.59199
   0.59199   0.59199   0.59199   0.59199   0.59199   0.59199   0.59199   0.59199
   0.59199   0.59199   0.59199   0.59199
   0.64447   0.64447   0.64447   0.64447   0.64447   0.64447   0.64447   0.64447
   0.64447   0.64447   0.64447   0.64447   0.64447   0.64447   0.64447   0.64447
   0.64447   0.64447   0.64447   0.64447   0.64447   0.64447   0.64447   0.64447
   0.64447   0.64447   0.64447   0.64447   0.64447   0.64447   0.64447   0.64447
   0.64447   0.64447   0.64447   0.64447
   0.64447   0.64447   0.64447   0.64447   0.64447   0.64447   0.64447   0.64447
   0.64447   0.64447   0.64447   0.64447   0.64447   0.64447   0.64447   0.64447
   0.64447   0.64447   0.64447   0.64447   0.64447   0.64447   0.64447   0.64447
   0.64447   0.64447   0.64447   0.64447   0.64447   0.64447   0.64447   0.64447
   0.64447   0.64447   0.64447   0.64447
   0.66068   0.66068   0.66068   0.66068   0.66068   0.66068   0.66068   0.66068
   0.66068   0.66068   0.66068   0.66068   0.66068   0.66068   0.66068   0.66068
   0.66068   0.66068   0.66068   0.66068   0.66068   0.66068   0.66068   0.66068
   0.66068   0.66068   0.66068   0.66068   0.66068   0.66068   0.66068   0.66068
   0.66068   0.66068   0.66068   0.66068
   0.69937   0.69937   0.69937   0.69937   0.69937   0.69937   0.69937   0.69937
   0.69937   0.69937   0.69937   0.69937   0.69937   0.69937   0.69937   0.69937
   0.69937   0.69937   0.69937   0.69937   0.69937   0.69937   0.69937   0.69937
   0.69937   0.69937   0.69937   0.69937   0.69937   0.69937   0.69937   0.69937
   0.69937   0.69937   0.69937   0.69937
   0.89154   0.89154   0.89154   0.89154   0.89154   0.89154   0.89154   0.89154
   0.89154   0.89154   0.89154   0.89154   0.89154   0.89154   0.89154   0.89154
   0.89154   0.89154   0.89154   0.89154   0.89154   0.89154   0.89154   0.89154
   0.89154   0.89154   0.89154   0.89154   0.89154   0.89154   0.89154   0.89154
   0.89154   0.89154   0.89154   0.89154
   0.15545   0.15545   0.15545   0.15545   0.15545   0.15545   0.15545   0.15545
   0.15545   0.15545   0.15545   0.15545   0.15545   0.15545   0.15545   0.15545
   0.15545   0.15545   0.15545   0.15545   0.15545   0.15545   0.15545   0.15545
   0.15545   0.15545   0.15545   0.15545   0.15545   0.15545   0.15545   0.15545
   0.15545   0.15545   0.15545   0.15545
  DUST 2 sca
   0.47257   0.47257   0.47257   0.47257   0.47257   0.47257   0.47257   0.47257
   0.47257   0.47257   0.47257   0.47257   0.47257   0.47257   0.47257   0.47257
   0.47257   0.47257   0.47257   0.47257   0.47257   0.47257   0.47257   0.47257
   0.47257   0.47257   0.47257   0.47257   0.47257   0.47257   0.47257   0.47257
   0.47257   0.47257   0.47257   0.47257
   0.59147   0.59147   0.59147   0.59147   0.59147   0.59147   0.59147   0.59147
   0.59147   0.59147   0.59147   0.59147   0.59147   0.59147   0.59147   0.59147
   0.59147   0.59147   0.59147   0.59147   0.59147   0.59147   0.59147   0.59147
   0.59147   0.59147   0.59147   0.59147   0.59147   0.59147   0.59147   0.59147
   0.59147   0.59147   0.59147   0.59147
   0.59147   0.59147   0.59147   0.59147   0.59147   0.59147   0.59147   0.59147
   0.59147   0.59147   0.59147   0.59147   0.59147   0.59147   0.59147   0.59147
   0.59147   0.59147   0.59147   0.59147   0.59147   0.59147   0.59147   0.59147
   0.59147   0.59147   0.59147   0.59147   0.59147   0.59147   0.59147   0.59147
   0.59147   0.59147   0.59147   0.59147
   0.62094   0.62094   0.62094   0.62094   0.62094   0.62094   0.62094   0.62094
   0.62094   0.62094   0.62094   0.62094   0.62094   0.62094   0.62094   0.62094
   0.62094   0.62094   0.62094   0.62094   0.62094   0.62094   0.62094   0.62094
   0.62094   0.62094   0.62094   0.62094   0.62094   0.62094   0.62094   0.62094
   0.62094   0.62094   0.62094   0.62094
   0.66548   0.66548   0.66548   0.66548   0.66548   0.66548   0.66548   0.66548
   0.66548   0.66548   0.66548   0.66548   0.66548   0.66548   0.66548   0.66548
   0.66548   0.66548   0.66548   0.66548   0.66548   0.66548   0.66548   0.66548
   0.66548   0.66548   0.66548   0.66548   0.66548   0.66548   0.66548   0.66548
   0.66548   0.66548   0.66548   0.66548
   0.84917   0.84917   0.84917   0.84917   0.84917   0.84917   0.84917   0.84917
   0.84917   0.84917   0.84917   0.84917   0.84917   0.84917   0.84917   0.84917
   0.84917   0.84917   0.84917   0.84917   0.84917   0.84917   0.84917   0.84917
   0.84917   0.84917   0.84917   0.84917   0.84917   0.84917   0.84917   0.84917
   0.84917   0.84917   0.84917   0.84917
   0.03505   0.03505   0.03505   0.03505   0.03505   0.03505   0.03505   0.03505
   0.03505   0.03505   0.03505   0.03505   0.03505   0.03505   0.03505   0.03505
   0.03505   0.03505   0.03505   0.03505   0.03505   0.03505   0.03505   0.03505
   0.03505   0.03505   0.03505   0.03505   0.03505   0.03505   0.03505   0.03505
   0.03505   0.03505   0.03505   0.03505
  DUST 2 asy
   0.82765   0.82765   0.82765   0.82765   0.82765   0.82765   0.82765   0.82765
   0.82765   0.82765   0.82765   0.82765   0.82765   0.82765   0.82765   0.82765
   0.82765   0.82765   0.82765   0.82765   0.82765   0.82765   0.82765   0.82765
   0.82765   0.82765   0.82765   0.82765   0.82765   0.82765   0.82765   0.82765
   0.82765   0.82765   0.82765   0.82765
   0.75416   0.75416   0.75416   0.75416   0.75416   0.75416   0.75416   0.75416
   0.75416   0.75416   0.75416   0.75416   0.75416   0.75416   0.75416   0.75416
   0.75416   0.75416   0.75416   0.75416   0.75416   0.75416   0.75416   0.75416
   0.75416   0.75416   0.75416   0.75416   0.75416   0.75416   0.75416   0.75416
   0.75416   0.75416   0.75416   0.75416
   0.75416   0.75416   0.75416   0.75416   0.75416   0.75416   0.75416   0.75416
   0.75416   0.75416   0.75416   0.75416   0.75416   0.75416   0.75416   0.75416
   0.75416   0.75416   0.75416   0.75416   0.75416   0.75416   0.75416   0.75416
   0.75416   0.75416   0.75416   0.75416   0.75416   0.75416   0.75416   0.75416
   0.75416   0.75416   0.75416   0.75416
   0.72659   0.72659   0.72659   0.72659   0.72659   0.72659   0.72659   0.72659
   0.72659   0.72659   0.72659   0.72659   0.72659   0.72659   0.72659   0.72659
   0.72659   0.72659   0.72659   0.72659   0.72659   0.72659   0.72659   0.72659
   0.72659   0.72659   0.72659   0.72659   0.72659   0.72659   0.72659   0.72659
   0.72659   0.72659   0.72659   0.72659
   0.70684   0.70684   0.70684   0.70684   0.70684   0.70684   0.70684   0.70684
   0.70684   0.70684   0.70684   0.70684   0.70684   0.70684   0.70684   0.70684
   0.70684   0.70684   0.70684   0.70684   0.70684   0.70684   0.70684   0.70684
   0.70684   0.70684   0.70684   0.70684   0.70684   0.70684   0.70684   0.70684
   0.70684   0.70684   0.70684   0.70684
   0.72831   0.72831   0.72831   0.72831   0.72831   0.72831   0.72831   0.72831
   0.72831   0.72831   0.72831   0.72831   0.72831   0.72831   0.72831   0.72831
   0.72831   0.72831   0.72831   0.72831   0.72831   0.72831   0.72831   0.72831
   0.72831   0.72831   0.72831   0.72831   0.72831   0.72831   0.72831   0.72831
   0.72831   0.72831   0.72831   0.72831
   0.14287   0.14287   0.14287   0.14287   0.14287   0.14287   0.14287   0.14287
   0.14287   0.14287   0.14287   0.14287   0.14287   0.14287   0.14287   0.14287
   0.14287   0.14287   0.14287   0.14287   0.14287   0.14287   0.14287   0.14287
   0.14287   0.14287   0.14287   0.14287   0.14287   0.14287   0.14287   0.14287
   0.14287   0.14287   0.14287   0.14287
  DUST 2 ssa
   0.79826   0.79826   0.79826   0.79826   0.79826   0.79826   0.79826   0.79826
   0.79826   0.79826   0.79826   0.79826   0.79826   0.79826   0.79826   0.79826
   0.79826   0.79826   0.79826   0.79826   0.79826   0.79826   0.79826   0.79826
   0.79826   0.79826   0.79826   0.79826   0.79826   0.79826   0.79826   0.79826
   0.79826   0.79826   0.79826   0.79826
   0.91776   0.91776   0.91776   0.91776   0.91776   0.91776   0.91776   0.91776
   0.91776   0.91776   0.91776   0.91776   0.91776   0.91776   0.91776   0.91776
   0.91776   0.91776   0.91776   0.91776   0.91776   0.91776   0.91776   0.91776
   0.91776   0.91776   0.91776   0.91776   0.91776   0.91776   0.91776   0.91776
   0.91776   0.91776   0.91776   0.91776
   0.91776   0.91776   0.91776   0.91776   0.91776   0.91776   0.91776   0.91776
   0.91776   0.91776   0.91776   0.91776   0.91776   0.91776   0.91776   0.91776
   0.91776   0.91776   0.91776   0.91776   0.91776   0.91776   0.91776   0.91776
   0.91776   0.91776   0.91776   0.91776   0.91776   0.91776   0.91776   0.91776
   0.91776   0.91776   0.91776   0.91776
   0.93984   0.93984   0.93984   0.93984   0.93984   0.93984   0.93984   0.93984
   0.93984   0.93984   0.93984   0.93984   0.93984   0.93984   0.93984   0.93984
   0.93984   0.93984   0.93984   0.93984   0.93984   0.93984   0.93984   0.93984
   0.93984   0.93984   0.93984   0.93984   0.93984   0.93984   0.93984   0.93984
   0.93984   0.93984   0.93984   0.93984
   0.95153   0.95153   0.95153   0.95153   0.95153   0.95153   0.95153   0.95153
   0.95153   0.95153   0.95153   0.95153   0.95153   0.95153   0.95153   0.95153
   0.95153   0.95153   0.95153   0.95153   0.95153   0.95153   0.95153   0.95153
   0.95153   0.95153   0.95153   0.95153   0.95153   0.95153   0.95153   0.95153
   0.95153   0.95153   0.95153   0.95153
   0.95247   0.95247   0.95247   0.95247   0.95247   0.95247   0.95247   0.95247
   0.95247   0.95247   0.95247   0.95247   0.95247   0.95247   0.95247   0.95247
   0.95247   0.95247   0.95247   0.95247   0.95247   0.95247   0.95247   0.95247
   0.95247   0.95247   0.95247   0.95247   0.95247   0.95247   0.95247   0.95247
   0.95247   0.95247   0.95247   0.95247
   0.22547   0.22547   0.22547   0.22547   0.22547   0.22547   0.22547   0.22547
   0.22547   0.22547   0.22547   0.22547   0.22547   0.22547   0.22547   0.22547
   0.22547   0.22547   0.22547   0.22547   0.22547   0.22547   0.22547   0.22547
   0.22547   0.22547   0.22547   0.22547   0.22547   0.22547   0.22547   0.22547
   0.22547   0.22547   0.22547   0.22547
  DUST 3 ext
   0.30948   0.30948   0.30948   0.30948   0.30948   0.30948   0.30948   0.30948
   0.30948   0.30948   0.30948   0.30948   0.30948   0.30948   0.30948   0.30948
   0.30948   0.30948   0.30948   0.30948   0.30948   0.30948   0.30948   0.30948
   0.30948   0.30948   0.30948   0.30948   0.30948   0.30948   0.30948   0.30948
   0.30948   0.30948   0.30948   0.30948
   0.33388   0.33388   0.33388   0.33388   0.33388   0.33388   0.33388   0.33388
   0.33388   0.33388   0.33388   0.33388   0.33388   0.33388   0.33388   0.33388
   0.33388   0.33388   0.33388   0.33388   0.33388   0.33388   0.33388   0.33388
   0.33388   0.33388   0.33388   0.33388   0.33388   0.33388   0.33388   0.33388
   0.33388   0.33388   0.33388   0.33388
   0.33388   0.33388   0.33388   0.33388   0.33388   0.33388   0.33388   0.33388
   0.33388   0.33388   0.33388   0.33388   0.33388   0.33388   0.33388   0.33388
   0.33388   0.33388   0.33388   0.33388   0.33388   0.33388   0.33388   0.33388
   0.33388   0.33388   0.33388   0.33388   0.33388   0.33388   0.33388   0.33388
   0.33388   0.33388   0.33388   0.33388
   0.34427   0.34427   0.34427   0.34427   0.34427   0.34427   0.34427   0.34427
   0.34427   0.34427   0.34427   0.34427   0.34427   0.34427   0.34427   0.34427
   0.34427   0.34427   0.34427   0.34427   0.34427   0.34427   0.34427   0.34427
   0.34427   0.34427   0.34427   0.34427   0.34427   0.34427   0.34427   0.34427
   0.34427   0.34427   0.34427   0.34427
   0.36108   0.36108   0.36108   0.36108   0.36108   0.36108   0.36108   0.36108
   0.36108   0.36108   0.36108   0.36108   0.36108   0.36108   0.36108   0.36108
   0.36108   0.36108   0.36108   0.36108   0.36108   0.36108   0.36108   0.36108
   0.36108   0.36108   0.36108   0.36108   0.36108   0.36108   0.36108   0.36108
   0.36108   0.36108   0.36108   0.36108
   0.41983   0.41983   0.41983   0.41983   0.41983   0.41983   0.41983   0.41983
   0.41983   0.41983   0.41983   0.41983   0.41983   0.41983   0.41983   0.41983
   0.41983   0.41983   0.41983   0.41983   0.41983   0.41983   0.41983   0.41983
   0.41983   0.41983   0.41983   0.41983   0.41983   0.41983   0.41983   0.41983
   0.41983   0.41983   0.41983   0.41983
   0.22625   0.22625   0.22625   0.22625   0.22625   0.22625   0.22625   0.22625
   0.22625   0.22625   0.22625   0.22625   0.22625   0.22625   0.22625   0.22625
   0.22625   0.22625   0.22625   0.22625   0.22625   0.22625   0.22625   0.22625
   0.22625   0.22625   0.22625   0.22625   0.22625   0.22625   0.22625   0.22625
   0.22625   0.22625   0.22625   0.22625
  DUST 3 sca
   0.22731   0.22731   0.22731   0.22731   0.22731   0.22731   0.22731   0.22731
   0.22731   0.22731   0.22731   0.22731   0.22731   0.22731   0.22731   0.22731
   0.22731   0.22731   0.22731   0.22731   0.22731   0.22731   0.22731   0.22731
   0.22731   0.22731   0.22731   0.22731   0.22731   0.22731   0.22731   0.22731
   0.22731   0.22731   0.22731   0.22731
   0.29583   0.29583   0.29583   0.29583   0.29583   0.29583   0.29583   0.29583
   0.29583   0.29583   0.29583   0.29583   0.29583   0.29583   0.29583   0.29583
   0.29583   0.29583   0.29583   0.29583   0.29583   0.29583   0.29583   0.29583
   0.29583   0.29583   0.29583   0.29583   0.29583   0.29583   0.29583   0.29583
   0.29583   0.29583   0.29583   0.29583
   0.29583   0.29583   0.29583   0.29583   0.29583   0.29583   0.29583   0.29583
   0.29583   0.29583   0.29583   0.29583   0.29583   0.29583   0.29583   0.29583
   0.29583   0.29583   0.29583   0.29583   0.29583   0.29583   0.29583   0.29583
   0.29583   0.29583   0.29583   0.29583   0.29583   0.29583   0.29583   0.29583
   0.29583   0.29583   0.29583   0.29583
   0.31536   0.31536   0.31536   0.31536   0.31536   0.31536   0.31536   0.31536
   0.31536   0.31536   0.31536   0.31536   0.31536   0.31536   0.31536   0.31536
   0.31536   0.31536   0.31536   0.31536   0.31536   0.31536   0.31536   0.31536
   0.31536   0.31536   0.31536   0.31536   0.31536   0.31536   0.31536   0.31536
   0.31536   0.31536   0.31536   0.31536
   0.33467   0.33467   0.33467   0.33467   0.33467   0.33467   0.33467   0.33467
   0.33467   0.33467   0.33467   0.33467   0.33467   0.33467   0.33467   0.33467
   0.33467   0.33467   0.33467   0.33467   0.33467   0.33467   0.33467   0.33467
   0.33467   0.33467   0.33467   0.33467   0.33467   0.33467   0.33467   0.33467
   0.33467   0.33467   0.33467   0.33467
   0.38226   0.38226   0.38226   0.38226   0.38226   0.38226   0.38226   0.38226
   0.38226   0.38226   0.38226   0.38226   0.38226   0.38226   0.38226   0.38226
   0.38226   0.38226   0.38226   0.38226   0.38226   0.38226   0.38226   0.38226
   0.38226   0.38226   0.38226   0.38226   0.38226   0.38226   0.38226   0.38226
   0.38226   0.38226   0.38226   0.38226
   0.09755   0.09755   0.09755   0.09755   0.09755   0.09755   0.09755   0.09755
   0.09755   0.09755   0.09755   0.09755   0.09755   0.09755   0.09755   0.09755
   0.09755   0.09755   0.09755   0.09755   0.09755   0.09755   0.09755   0.09755
   0.09755   0.09755   0.09755   0.09755   0.09755   0.09755   0.09755   0.09755
   0.09755   0.09755   0.09755   0.09755
  DUST 3 asy
   0.88057   0.88057   0.88057   0.88057   0.88057   0.88057   0.88057   0.88057
   0.88057   0.88057   0.88057   0.88057   0.88057   0.88057   0.88057   0.88057
   0.88057   0.88057   0.88057   0.88057   0.88057   0.88057   0.88057   0.88057
   0.88057   0.88057   0.88057   0.88057   0.88057   0.88057   0.88057   0.88057
   0.88057   0.88057   0.88057   0.88057
   0.79637   0.79637   0.79637   0.79637   0.79637   0.79637   0.79637   0.79637
   0.79637   0.79637   0.79637   0.79637   0.79637   0.79637   0.79637   0.79637
   0.79637   0.79637   0.79637   0.79637   0.79637   0.79637   0.79637   0.79637
   0.79637   0.79637   0.79637   0.79637   0.79637   0.79637   0.79637   0.79637
   0.79637   0.79637   0.79637   0.79637
   0.79637   0.79637   0.79637   0.79637   0.79637   0.79637   0.79637   0.79637
   0.79637   0.79637   0.79637   0.79637   0.79637   0.79637   0.79637   0.79637
   0.79637   0.79637   0.79637   0.79637   0.79637   0.79637   0.79637   0.79637
   0.79637   0.79637   0.79637   0.79637   0.79637   0.79637   0.79637   0.79637
   0.79637   0.79637   0.79637   0.79637
   0.77332   0.77332   0.77332   0.77332   0.77332   0.77332   0.77332   0.77332
   0.77332   0.77332   0.77332   0.77332   0.77332   0.77332   0.77332   0.77332
   0.77332   0.77332   0.77332   0.77332   0.77332   0.77332   0.77332   0.77332
   0.77332   0.77332   0.77332   0.77332   0.77332   0.77332   0.77332   0.77332
   0.77332   0.77332   0.77332   0.77332
   0.75693   0.75693   0.75693   0.75693   0.75693   0.75693   0.75693   0.75693
   0.75693   0.75693   0.75693   0.75693   0.75693   0.75693   0.75693   0.75693
   0.75693   0.75693   0.75693   0.75693   0.75693   0.75693   0.75693   0.75693
   0.75693   0.75693   0.75693   0.75693   0.75693   0.75693   0.75693   0.75693
   0.75693   0.75693   0.75693   0.75693
   0.72148   0.72148   0.72148   0.72148   0.72148   0.72148   0.72148   0.72148
   0.72148   0.72148   0.72148   0.72148   0.72148   0.72148   0.72148   0.72148
   0.72148   0.72148   0.72148   0.72148   0.72148   0.72148   0.72148   0.72148
   0.72148   0.72148   0.72148   0.72148   0.72148   0.72148   0.72148   0.72148
   0.72148   0.72148   0.72148   0.72148
   0.39855   0.39855   0.39855   0.39855   0.39855   0.39855   0.39855   0.39855
   0.39855   0.39855   0.39855   0.39855   0.39855   0.39855   0.39855   0.39855
   0.39855   0.39855   0.39855   0.39855   0.39855   0.39855   0.39855   0.39855
   0.39855   0.39855   0.39855   0.39855   0.39855   0.39855   0.39855   0.39855
   0.39855   0.39855   0.39855   0.39855
  DUST 3 ssa
   0.73450   0.73450   0.73450   0.73450   0.73450   0.73450   0.73450   0.73450
   0.73450   0.73450   0.73450   0.73450   0.73450   0.73450   0.73450   0.73450
   0.73450   0.73450   0.73450   0.73450   0.73450   0.73450   0.73450   0.73450
   0.73450   0.73450   0.73450   0.73450   0.73450   0.73450   0.73450   0.73450
   0.73450   0.73450   0.73450   0.73450
   0.88604   0.88604   0.88604   0.88604   0.88604   0.88604   0.88604   0.88604
   0.88604   0.88604   0.88604   0.88604   0.88604   0.88604   0.88604   0.88604
   0.88604   0.88604   0.88604   0.88604   0.88604   0.88604   0.88604   0.88604
   0.88604   0.88604   0.88604   0.88604   0.88604   0.88604   0.88604   0.88604
   0.88604   0.88604   0.88604   0.88604
   0.88604   0.88604   0.88604   0.88604   0.88604   0.88604   0.88604   0.88604
   0.88604   0.88604   0.88604   0.88604   0.88604   0.88604   0.88604   0.88604
   0.88604   0.88604   0.88604   0.88604   0.88604   0.88604   0.88604   0.88604
   0.88604   0.88604   0.88604   0.88604   0.88604   0.88604   0.88604   0.88604
   0.88604   0.88604   0.88604   0.88604
   0.91604   0.91604   0.91604   0.91604   0.91604   0.91604   0.91604   0.91604
   0.91604   0.91604   0.91604   0.91604   0.91604   0.91604   0.91604   0.91604
   0.91604   0.91604   0.91604   0.91604   0.91604   0.91604   0.91604   0.91604
   0.91604   0.91604   0.91604   0.91604   0.91604   0.91604   0.91604   0.91604
   0.91604   0.91604   0.91604   0.91604
   0.92686   0.92686   0.92686   0.92686   0.92686   0.92686   0.92686   0.92686
   0.92686   0.92686   0.92686   0.92686   0.92686   0.92686   0.92686   0.92686
   0.92686   0.92686   0.92686   0.92686   0.92686   0.92686   0.92686   0.92686
   0.92686   0.92686   0.92686   0.92686   0.92686   0.92686   0.92686   0.92686
   0.92686   0.92686   0.92686   0.92686
   0.91053   0.91053   0.91053   0.91053   0.91053   0.91053   0.91053   0.91053
   0.91053   0.91053   0.91053   0.91053   0.91053   0.91053   0.91053   0.91053
   0.91053   0.91053   0.91053   0.91053   0.91053   0.91053   0.91053   0.91053
   0.91053   0.91053   0.91053   0.91053   0.91053   0.91053   0.91053   0.91053
   0.91053   0.91053   0.91053   0.91053
   0.43115   0.43115   0.43115   0.43115   0.43115   0.43115   0.43115   0.43115
   0.43115   0.43115   0.43115   0.43115   0.43115   0.43115   0.43115   0.43115
   0.43115   0.43115   0.43115   0.43115   0.43115   0.43115   0.43115   0.43115
   0.43115   0.43115   0.43115   0.43115   0.43115   0.43115   0.43115   0.43115
   0.43115   0.43115   0.43115   0.43115
  DUST 4 ext
   0.15845   0.15845   0.15845   0.15845   0.15845   0.15845   0.15845   0.15845
   0.15845   0.15845   0.15845   0.15845   0.15845   0.15845   0.15845   0.15845
   0.15845   0.15845   0.15845   0.15845   0.15845   0.15845   0.15845   0.15845
   0.15845   0.15845   0.15845   0.15845   0.15845   0.15845   0.15845   0.15845
   0.15845   0.15845   0.15845   0.15845
   0.16736   0.16736   0.16736   0.16736   0.16736   0.16736   0.16736   0.16736
   0.16736   0.16736   0.16736   0.16736   0.16736   0.16736   0.16736   0.16736
   0.16736   0.16736   0.16736   0.16736   0.16736   0.16736   0.16736   0.16736
   0.16736   0.16736   0.16736   0.16736   0.16736   0.16736   0.16736   0.16736
   0.16736   0.16736   0.16736   0.16736
   0.16736   0.16736   0.16736   0.16736   0.16736   0.16736   0.16736   0.16736
   0.16736   0.16736   0.16736   0.16736   0.16736   0.16736   0.16736   0.16736
   0.16736   0.16736   0.16736   0.16736   0.16736   0.16736   0.16736   0.16736
   0.16736   0.16736   0.16736   0.16736   0.16736   0.16736   0.16736   0.16736
   0.16736   0.16736   0.16736   0.16736
   0.17134   0.17134   0.17134   0.17134   0.17134   0.17134   0.17134   0.17134
   0.17134   0.17134   0.17134   0.17134   0.17134   0.17134   0.17134   0.17134
   0.17134   0.17134   0.17134   0.17134   0.17134   0.17134   0.17134   0.17134
   0.17134   0.17134   0.17134   0.17134   0.17134   0.17134   0.17134   0.17134
   0.17134   0.17134   0.17134   0.17134
   0.17814   0.17814   0.17814   0.17814   0.17814   0.17814   0.17814   0.17814
   0.17814   0.17814   0.17814   0.17814   0.17814   0.17814   0.17814   0.17814
   0.17814   0.17814   0.17814   0.17814   0.17814   0.17814   0.17814   0.17814
   0.17814   0.17814   0.17814   0.17814   0.17814   0.17814   0.17814   0.17814
   0.17814   0.17814   0.17814   0.17814
   0.20265   0.20265   0.20265   0.20265   0.20265   0.20265   0.20265   0.20265
   0.20265   0.20265   0.20265   0.20265   0.20265   0.20265   0.20265   0.20265
   0.20265   0.20265   0.20265   0.20265   0.20265   0.20265   0.20265   0.20265
   0.20265   0.20265   0.20265   0.20265   0.20265   0.20265   0.20265   0.20265
   0.20265   0.20265   0.20265   0.20265
   0.20360   0.20360   0.20360   0.20360   0.20360   0.20360   0.20360   0.20360
   0.20360   0.20360   0.20360   0.20360   0.20360   0.20360   0.20360   0.20360
   0.20360   0.20360   0.20360   0.20360   0.20360   0.20360   0.20360   0.20360
   0.20360   0.20360   0.20360   0.20360   0.20360   0.20360   0.20360   0.20360
   0.20360   0.20360   0.20360   0.20360
  DUST 4 sca
   0.10550   0.10550   0.10550   0.10550   0.10550   0.10550   0.10550   0.10550
   0.10550   0.10550   0.10550   0.10550   0.10550   0.10550   0.10550   0.10550
   0.10550   0.10550   0.10550   0.10550   0.10550   0.10550   0.10550   0.10550
   0.10550   0.10550   0.10550   0.10550   0.10550   0.10550   0.10550   0.10550
   0.10550   0.10550   0.10550   0.10550
   0.13947   0.13947   0.13947   0.13947   0.13947   0.13947   0.13947   0.13947
   0.13947   0.13947   0.13947   0.13947   0.13947   0.13947   0.13947   0.13947
   0.13947   0.13947   0.13947   0.13947   0.13947   0.13947   0.13947   0.13947
   0.13947   0.13947   0.13947   0.13947   0.13947   0.13947   0.13947   0.13947
   0.13947   0.13947   0.13947   0.13947
   0.13947   0.13947   0.13947   0.13947   0.13947   0.13947   0.13947   0.13947
   0.13947   0.13947   0.13947   0.13947   0.13947   0.13947   0.13947   0.13947
   0.13947   0.13947   0.13947   0.13947   0.13947   0.13947   0.13947   0.13947
   0.13947   0.13947   0.13947   0.13947   0.13947   0.13947   0.13947   0.13947
   0.13947   0.13947   0.13947   0.13947
   0.14962   0.14962   0.14962   0.14962   0.14962   0.14962   0.14962   0.14962
   0.14962   0.14962   0.14962   0.14962   0.14962   0.14962   0.14962   0.14962
   0.14962   0.14962   0.14962   0.14962   0.14962   0.14962   0.14962   0.14962
   0.14962   0.14962   0.14962   0.14962   0.14962   0.14962   0.14962   0.14962
   0.14962   0.14962   0.14962   0.14962
   0.15925   0.15925   0.15925   0.15925   0.15925   0.15925   0.15925   0.15925
   0.15925   0.15925   0.15925   0.15925   0.15925   0.15925   0.15925   0.15925
   0.15925   0.15925   0.15925   0.15925   0.15925   0.15925   0.15925   0.15925
   0.15925   0.15925   0.15925   0.15925   0.15925   0.15925   0.15925   0.15925
   0.15925   0.15925   0.15925   0.15925
   0.17476   0.17476   0.17476   0.17476   0.17476   0.17476   0.17476   0.17476
   0.17476   0.17476   0.17476   0.17476   0.17476   0.17476   0.17476   0.17476
   0.17476   0.17476   0.17476   0.17476   0.17476   0.17476   0.17476   0.17476
   0.17476   0.17476   0.17476   0.17476   0.17476   0.17476   0.17476   0.17476
   0.17476   0.17476   0.17476   0.17476
   0.10677   0.10677   0.10677   0.10677   0.10677   0.10677   0.10677   0.10677
   0.10677   0.10677   0.10677   0.10677   0.10677   0.10677   0.10677   0.10677
   0.10677   0.10677   0.10677   0.10677   0.10677   0.10677   0.10677   0.10677
   0.10677   0.10677   0.10677   0.10677   0.10677   0.10677   0.10677   0.10677
   0.10677   0.10677   0.10677   0.10677
  DUST 4 asy
   0.91581   0.91581   0.91581   0.91581   0.91581   0.91581   0.91581   0.91581
   0.91581   0.91581   0.91581   0.91581   0.91581   0.91581   0.91581   0.91581
   0.91581   0.91581   0.91581   0.91581   0.91581   0.91581   0.91581   0.91581
   0.91581   0.91581   0.91581   0.91581   0.91581   0.91581   0.91581   0.91581
   0.91581   0.91581   0.91581   0.91581
   0.84029   0.84029   0.84029   0.84029   0.84029   0.84029   0.84029   0.84029
   0.84029   0.84029   0.84029   0.84029   0.84029   0.84029   0.84029   0.84029
   0.84029   0.84029   0.84029   0.84029   0.84029   0.84029   0.84029   0.84029
   0.84029   0.84029   0.84029   0.84029   0.84029   0.84029   0.84029   0.84029
   0.84029   0.84029   0.84029   0.84029
   0.84029   0.84029   0.84029   0.84029   0.84029   0.84029   0.84029   0.84029
   0.84029   0.84029   0.84029   0.84029   0.84029   0.84029   0.84029   0.84029
   0.84029   0.84029   0.84029   0.84029   0.84029   0.84029   0.84029   0.84029
   0.84029   0.84029   0.84029   0.84029   0.84029   0.84029   0.84029   0.84029
   0.84029   0.84029   0.84029   0.84029
   0.81727   0.81727   0.81727   0.81727   0.81727   0.81727   0.81727   0.81727
   0.81727   0.81727   0.81727   0.81727   0.81727   0.81727   0.81727   0.81727
   0.81727   0.81727   0.81727   0.81727   0.81727   0.81727   0.81727   0.81727
   0.81727   0.81727   0.81727   0.81727   0.81727   0.81727   0.81727   0.81727
   0.81727   0.81727   0.81727   0.81727
   0.79887   0.79887   0.79887   0.79887   0.79887   0.79887   0.79887   0.79887
   0.79887   0.79887   0.79887   0.79887   0.79887   0.79887   0.79887   0.79887
   0.79887   0.79887   0.79887   0.79887   0.79887   0.79887   0.79887   0.79887
   0.79887   0.79887   0.79887   0.79887   0.79887   0.79887   0.79887   0.79887
   0.79887   0.79887   0.79887   0.79887
   0.77255   0.77255   0.77255   0.77255   0.77255   0.77255   0.77255   0.77255
   0.77255   0.77255   0.77255   0.77255   0.77255   0.77255   0.77255   0.77255
   0.77255   0.77255   0.77255   0.77255   0.77255   0.77255   0.77255   0.77255
   0.77255   0.77255   0.77255   0.77255   0.77255   0.77255   0.77255   0.77255
   0.77255   0.77255   0.77255   0.77255
   0.67149   0.67149   0.67149   0.67149   0.67149   0.67149   0.67149   0.67149
   0.67149   0.67149   0.67149   0.67149   0.67149   0.67149   0.67149   0.67149
   0.67149   0.67149   0.67149   0.67149   0.67149   0.67149   0.67149   0.67149
   0.67149   0.67149   0.67149   0.67149   0.67149   0.67149   0.67149   0.67149
   0.67149   0.67149   0.67149   0.67149
  DUST 4 ssa
   0.66580   0.66580   0.66580   0.66580   0.66580   0.66580   0.66580   0.66580
   0.66580   0.66580   0.66580   0.66580   0.66580   0.66580   0.66580   0.66580
   0.66580   0.66580   0.66580   0.66580   0.66580   0.66580   0.66580   0.66580
   0.66580   0.66580   0.66580   0.66580   0.66580   0.66580   0.66580   0.66580
   0.66580   0.66580   0.66580   0.66580
   0.83335   0.83335   0.83335   0.83335   0.83335   0.83335   0.83335   0.83335
   0.83335   0.83335   0.83335   0.83335   0.83335   0.83335   0.83335   0.83335
   0.83335   0.83335   0.83335   0.83335   0.83335   0.83335   0.83335   0.83335
   0.83335   0.83335   0.83335   0.83335   0.83335   0.83335   0.83335   0.83335
   0.83335   0.83335   0.83335   0.83335
   0.83335   0.83335   0.83335   0.83335   0.83335   0.83335   0.83335   0.83335
   0.83335   0.83335   0.83335   0.83335   0.83335   0.83335   0.83335   0.83335
   0.83335   0.83335   0.83335   0.83335   0.83335   0.83335   0.83335   0.83335
   0.83335   0.83335   0.83335   0.83335   0.83335   0.83335   0.83335   0.83335
   0.83335   0.83335   0.83335   0.83335
   0.87327   0.87327   0.87327   0.87327   0.87327   0.87327   0.87327   0.87327
   0.87327   0.87327   0.87327   0.87327   0.87327   0.87327   0.87327   0.87327
   0.87327   0.87327   0.87327   0.87327   0.87327   0.87327   0.87327   0.87327
   0.87327   0.87327   0.87327   0.87327   0.87327   0.87327   0.87327   0.87327
   0.87327   0.87327   0.87327   0.87327
   0.89395   0.89395   0.89395   0.89395   0.89395   0.89395   0.89395   0.89395
   0.89395   0.89395   0.89395   0.89395   0.89395   0.89395   0.89395   0.89395
   0.89395   0.89395   0.89395   0.89395   0.89395   0.89395   0.89395   0.89395
   0.89395   0.89395   0.89395   0.89395   0.89395   0.89395   0.89395   0.89395
   0.89395   0.89395   0.89395   0.89395
   0.86236   0.86236   0.86236   0.86236   0.86236   0.86236   0.86236   0.86236
   0.86236   0.86236   0.86236   0.86236   0.86236   0.86236   0.86236   0.86236
   0.86236   0.86236   0.86236   0.86236   0.86236   0.86236   0.86236   0.86236
   0.86236   0.86236   0.86236   0.86236   0.86236   0.86236   0.86236   0.86236
   0.86236   0.86236   0.86236   0.86236
   0.52442   0.52442   0.52442   0.52442   0.52442   0.52442   0.52442   0.52442
   0.52442   0.52442   0.52442   0.52442   0.52442   0.52442   0.52442   0.52442
   0.52442   0.52442   0.52442   0.52442   0.52442   0.52442   0.52442   0.52442
   0.52442   0.52442   0.52442   0.52442   0.52442   0.52442   0.52442   0.52442
   0.52442   0.52442   0.52442   0.52442
  DUST 5 ext
   0.08061   0.08061   0.08061   0.08061   0.08061   0.08061   0.08061   0.08061
   0.08061   0.08061   0.08061   0.08061   0.08061   0.08061   0.08061   0.08061
   0.08061   0.08061   0.08061   0.08061   0.08061   0.08061   0.08061   0.08061
   0.08061   0.08061   0.08061   0.08061   0.08061   0.08061   0.08061   0.08061
   0.08061   0.08061   0.08061   0.08061
   0.08391   0.08391   0.08391   0.08391   0.08391   0.08391   0.08391   0.08391
   0.08391   0.08391   0.08391   0.08391   0.08391   0.08391   0.08391   0.08391
   0.08391   0.08391   0.08391   0.08391   0.08391   0.08391   0.08391   0.08391
   0.08391   0.08391   0.08391   0.08391   0.08391   0.08391   0.08391   0.08391
   0.08391   0.08391   0.08391   0.08391
   0.08391   0.08391   0.08391   0.08391   0.08391   0.08391   0.08391   0.08391
   0.08391   0.08391   0.08391   0.08391   0.08391   0.08391   0.08391   0.08391
   0.08391   0.08391   0.08391   0.08391   0.08391   0.08391   0.08391   0.08391
   0.08391   0.08391   0.08391   0.08391   0.08391   0.08391   0.08391   0.08391
   0.08391   0.08391   0.08391   0.08391
   0.08489   0.08489   0.08489   0.08489   0.08489   0.08489   0.08489   0.08489
   0.08489   0.08489   0.08489   0.08489   0.08489   0.08489   0.08489   0.08489
   0.08489   0.08489   0.08489   0.08489   0.08489   0.08489   0.08489   0.08489
   0.08489   0.08489   0.08489   0.08489   0.08489   0.08489   0.08489   0.08489
   0.08489   0.08489   0.08489   0.08489
   0.08850   0.08850   0.08850   0.08850   0.08850   0.08850   0.08850   0.08850
   0.08850   0.08850   0.08850   0.08850   0.08850   0.08850   0.08850   0.08850
   0.08850   0.08850   0.08850   0.08850   0.08850   0.08850   0.08850   0.08850
   0.08850   0.08850   0.08850   0.08850   0.08850   0.08850   0.08850   0.08850
   0.08850   0.08850   0.08850   0.08850
   0.09852   0.09852   0.09852   0.09852   0.09852   0.09852   0.09852   0.09852
   0.09852   0.09852   0.09852   0.09852   0.09852   0.09852   0.09852   0.09852
   0.09852   0.09852   0.09852   0.09852   0.09852   0.09852   0.09852   0.09852
   0.09852   0.09852   0.09852   0.09852   0.09852   0.09852   0.09852   0.09852
   0.09852   0.09852   0.09852   0.09852
   0.11163   0.11163   0.11163   0.11163   0.11163   0.11163   0.11163   0.11163
   0.11163   0.11163   0.11163   0.11163   0.11163   0.11163   0.11163   0.11163
   0.11163   0.11163   0.11163   0.11163   0.11163   0.11163   0.11163   0.11163
   0.11163   0.11163   0.11163   0.11163   0.11163   0.11163   0.11163   0.11163
   0.11163   0.11163   0.11163   0.11163
  DUST 5 sca
   0.04899   0.04899   0.04899   0.04899   0.04899   0.04899   0.04899   0.04899
   0.04899   0.04899   0.04899   0.04899   0.04899   0.04899   0.04899   0.04899
   0.04899   0.04899   0.04899   0.04899   0.04899   0.04899   0.04899   0.04899
   0.04899   0.04899   0.04899   0.04899   0.04899   0.04899   0.04899   0.04899
   0.04899   0.04899   0.04899   0.04899
   0.06440   0.06440   0.06440   0.06440   0.06440   0.06440   0.06440   0.06440
   0.06440   0.06440   0.06440   0.06440   0.06440   0.06440   0.06440   0.06440
   0.06440   0.06440   0.06440   0.06440   0.06440   0.06440   0.06440   0.06440
   0.06440   0.06440   0.06440   0.06440   0.06440   0.06440   0.06440   0.06440
   0.06440   0.06440   0.06440   0.06440
   0.06440   0.06440   0.06440   0.06440   0.06440   0.06440   0.06440   0.06440
   0.06440   0.06440   0.06440   0.06440   0.06440   0.06440   0.06440   0.06440
   0.06440   0.06440   0.06440   0.06440   0.06440   0.06440   0.06440   0.06440
   0.06440   0.06440   0.06440   0.06440   0.06440   0.06440   0.06440   0.06440
   0.06440   0.06440   0.06440   0.06440
   0.06937   0.06937   0.06937   0.06937   0.06937   0.06937   0.06937   0.06937
   0.06937   0.06937   0.06937   0.06937   0.06937   0.06937   0.06937   0.06937
   0.06937   0.06937   0.06937   0.06937   0.06937   0.06937   0.06937   0.06937
   0.06937   0.06937   0.06937   0.06937   0.06937   0.06937   0.06937   0.06937
   0.06937   0.06937   0.06937   0.06937
   0.07456   0.07456   0.07456   0.07456   0.07456   0.07456   0.07456   0.07456
   0.07456   0.07456   0.07456   0.07456   0.07456   0.07456   0.07456   0.07456
   0.07456   0.07456   0.07456   0.07456   0.07456   0.07456   0.07456   0.07456
   0.07456   0.07456   0.07456   0.07456   0.07456   0.07456   0.07456   0.07456
   0.07456   0.07456   0.07456   0.07456
   0.07955   0.07955   0.07955   0.07955   0.07955   0.07955   0.07955   0.07955
   0.07955   0.07955   0.07955   0.07955   0.07955   0.07955   0.07955   0.07955
   0.07955   0.07955   0.07955   0.07955   0.07955   0.07955   0.07955   0.07955
   0.07955   0.07955   0.07955   0.07955   0.07955   0.07955   0.07955   0.07955
   0.07955   0.07955   0.07955   0.07955
   0.05695   0.05695   0.05695   0.05695   0.05695   0.05695   0.05695   0.05695
   0.05695   0.05695   0.05695   0.05695   0.05695   0.05695   0.05695   0.05695
   0.05695   0.05695   0.05695   0.05695   0.05695   0.05695   0.05695   0.05695
   0.05695   0.05695   0.05695   0.05695   0.05695   0.05695   0.05695   0.05695
   0.05695   0.05695   0.05695   0.05695
  DUST 5 asy
   0.93879   0.93879   0.93879   0.93879   0.93879   0.93879   0.93879   0.93879
   0.93879   0.93879   0.93879   0.93879   0.93879   0.93879   0.93879   0.93879
   0.93879   0.93879   0.93879   0.93879   0.93879   0.93879   0.93879   0.93879
   0.93879   0.93879   0.93879   0.93879   0.93879   0.93879   0.93879   0.93879
   0.93879   0.93879   0.93879   0.93879
   0.87232   0.87232   0.87232   0.87232   0.87232   0.87232   0.87232   0.87232
   0.87232   0.87232   0.87232   0.87232   0.87232   0.87232   0.87232   0.87232
   0.87232   0.87232   0.87232   0.87232   0.87232   0.87232   0.87232   0.87232
   0.87232   0.87232   0.87232   0.87232   0.87232   0.87232   0.87232   0.87232
   0.87232   0.87232   0.87232   0.87232
   0.87232   0.87232   0.87232   0.87232   0.87232   0.87232   0.87232   0.87232
   0.87232   0.87232   0.87232   0.87232   0.87232   0.87232   0.87232   0.87232
   0.87232   0.87232   0.87232   0.87232   0.87232   0.87232   0.87232   0.87232
   0.87232   0.87232   0.87232   0.87232   0.87232   0.87232   0.87232   0.87232
   0.87232   0.87232   0.87232   0.87232
   0.85054   0.85054   0.85054   0.85054   0.85054   0.85054   0.85054   0.85054
   0.85054   0.85054   0.85054   0.85054   0.85054   0.85054   0.85054   0.85054
   0.85054   0.85054   0.85054   0.85054   0.85054   0.85054   0.85054   0.85054
   0.85054   0.85054   0.85054   0.85054   0.85054   0.85054   0.85054   0.85054
   0.85054   0.85054   0.85054   0.85054
   0.83694   0.83694   0.83694   0.83694   0.83694   0.83694   0.83694   0.83694
   0.83694   0.83694   0.83694   0.83694   0.83694   0.83694   0.83694   0.83694
   0.83694   0.83694   0.83694   0.83694   0.83694   0.83694   0.83694   0.83694
   0.83694   0.83694   0.83694   0.83694   0.83694   0.83694   0.83694   0.83694
   0.83694   0.83694   0.83694   0.83694
   0.83165   0.83165   0.83165   0.83165   0.83165   0.83165   0.83165   0.83165
   0.83165   0.83165   0.83165   0.83165   0.83165   0.83165   0.83165   0.83165
   0.83165   0.83165   0.83165   0.83165   0.83165   0.83165   0.83165   0.83165
   0.83165   0.83165   0.83165   0.83165   0.83165   0.83165   0.83165   0.83165
   0.83165   0.83165   0.83165   0.83165
   0.80566   0.80566   0.80566   0.80566   0.80566   0.80566   0.80566   0.80566
   0.80566   0.80566   0.80566   0.80566   0.80566   0.80566   0.80566   0.80566
   0.80566   0.80566   0.80566   0.80566   0.80566   0.80566   0.80566   0.80566
   0.80566   0.80566   0.80566   0.80566   0.80566   0.80566   0.80566   0.80566
   0.80566   0.80566   0.80566   0.80566
  DUST 5 ssa
   0.60776   0.60776   0.60776   0.60776   0.60776   0.60776   0.60776   0.60776
   0.60776   0.60776   0.60776   0.60776   0.60776   0.60776   0.60776   0.60776
   0.60776   0.60776   0.60776   0.60776   0.60776   0.60776   0.60776   0.60776
   0.60776   0.60776   0.60776   0.60776   0.60776   0.60776   0.60776   0.60776
   0.60776   0.60776   0.60776   0.60776
   0.76747   0.76747   0.76747   0.76747   0.76747   0.76747   0.76747   0.76747
   0.76747   0.76747   0.76747   0.76747   0.76747   0.76747   0.76747   0.76747
   0.76747   0.76747   0.76747   0.76747   0.76747   0.76747   0.76747   0.76747
   0.76747   0.76747   0.76747   0.76747   0.76747   0.76747   0.76747   0.76747
   0.76747   0.76747   0.76747   0.76747
   0.76747   0.76747   0.76747   0.76747   0.76747   0.76747   0.76747   0.76747
   0.76747   0.76747   0.76747   0.76747   0.76747   0.76747   0.76747   0.76747
   0.76747   0.76747   0.76747   0.76747   0.76747   0.76747   0.76747   0.76747
   0.76747   0.76747   0.76747   0.76747   0.76747   0.76747   0.76747   0.76747
   0.76747   0.76747   0.76747   0.76747
   0.81716   0.81716   0.81716   0.81716   0.81716   0.81716   0.81716   0.81716
   0.81716   0.81716   0.81716   0.81716   0.81716   0.81716   0.81716   0.81716
   0.81716   0.81716   0.81716   0.81716   0.81716   0.81716   0.81716   0.81716
   0.81716   0.81716   0.81716   0.81716   0.81716   0.81716   0.81716   0.81716
   0.81716   0.81716   0.81716   0.81716
   0.84240   0.84240   0.84240   0.84240   0.84240   0.84240   0.84240   0.84240
   0.84240   0.84240   0.84240   0.84240   0.84240   0.84240   0.84240   0.84240
   0.84240   0.84240   0.84240   0.84240   0.84240   0.84240   0.84240   0.84240
   0.84240   0.84240   0.84240   0.84240   0.84240   0.84240   0.84240   0.84240
   0.84240   0.84240   0.84240   0.84240
   0.80753   0.80753   0.80753   0.80753   0.80753   0.80753   0.80753   0.80753
   0.80753   0.80753   0.80753   0.80753   0.80753   0.80753   0.80753   0.80753
   0.80753   0.80753   0.80753   0.80753   0.80753   0.80753   0.80753   0.80753
   0.80753   0.80753   0.80753   0.80753   0.80753   0.80753   0.80753   0.80753
   0.80753   0.80753   0.80753   0.80753
   0.51019   0.51019   0.51019   0.51019   0.51019   0.51019   0.51019   0.51019
   0.51019   0.51019   0.51019   0.51019   0.51019   0.51019   0.51019   0.51019
   0.51019   0.51019   0.51019   0.51019   0.51019   0.51019   0.51019   0.51019
   0.51019   0.51019   0.51019   0.51019   0.51019   0.51019   0.51019   0.51019
   0.51019   0.51019   0.51019   0.51019
