  DUST 1 ext
   1.87117   1.87117   1.87117   1.87117   1.87117   1.87117   1.87117   1.87117
   1.87117   1.87117   1.87117   1.87117   1.87117   1.87117   1.87117   1.87117
   1.87117   1.87117   1.87117   1.87117   1.87117   1.87117   1.87117   1.87117
   1.87117   1.87117   1.87117   1.87117   1.87117   1.87117   1.87117   1.87117
   1.87117   1.87117   1.87117   1.87117
   2.03330   2.03330   2.03330   2.03330   2.03330   2.03330   2.03330   2.03330
   2.03330   2.03330   2.03330   2.03330   2.03330   2.03330   2.03330   2.03330
   2.03330   2.03330   2.03330   2.03330   2.03330   2.03330   2.03330   2.03330
   2.03330   2.03330   2.03330   2.03330   2.03330   2.03330   2.03330   2.03330
   2.03330   2.03330   2.03330   2.03330
   2.01985   2.01985   2.01985   2.01985   2.01985   2.01985   2.01985   2.01985
   2.01985   2.01985   2.01985   2.01985   2.01985   2.01985   2.01985   2.01985
   2.01985   2.01985   2.01985   2.01985   2.01985   2.01985   2.01985   2.01985
   2.01985   2.01985   2.01985   2.01985   2.01985   2.01985   2.01985   2.01985
   2.01985   2.01985   2.01985   2.01985
   2.01649   2.01649   2.01649   2.01649   2.01649   2.01649   2.01649   2.01649
   2.01649   2.01649   2.01649   2.01649   2.01649   2.01649   2.01649   2.01649
   2.01649   2.01649   2.01649   2.01649   2.01649   2.01649   2.01649   2.01649
   2.01649   2.01649   2.01649   2.01649   2.01649   2.01649   2.01649   2.01649
   2.01649   2.01649   2.01649   2.01649
   1.98512   1.98512   1.98512   1.98512   1.98512   1.98512   1.98512   1.98512
   1.98512   1.98512   1.98512   1.98512   1.98512   1.98512   1.98512   1.98512
   1.98512   1.98512   1.98512   1.98512   1.98512   1.98512   1.98512   1.98512
   1.98512   1.98512   1.98512   1.98512   1.98512   1.98512   1.98512   1.98512
   1.98512   1.98512   1.98512   1.98512
   1.53680   1.53680   1.53680   1.53680   1.53680   1.53680   1.53680   1.53680
   1.53680   1.53680   1.53680   1.53680   1.53680   1.53680   1.53680   1.53680
   1.53680   1.53680   1.53680   1.53680   1.53680   1.53680   1.53680   1.53680
   1.53680   1.53680   1.53680   1.53680   1.53680   1.53680   1.53680   1.53680
   1.53680   1.53680   1.53680   1.53680
   0.06374   0.06374   0.06374   0.06374   0.06374   0.06374   0.06374   0.06374
   0.06374   0.06374   0.06374   0.06374   0.06374   0.06374   0.06374   0.06374
   0.06374   0.06374   0.06374   0.06374   0.06374   0.06374   0.06374   0.06374
   0.06374   0.06374   0.06374   0.06374   0.06374   0.06374   0.06374   0.06374
   0.06374   0.06374   0.06374   0.06374
  DUST 1 sca
   1.58215   1.58215   1.58215   1.58215   1.58215   1.58215   1.58215   1.58215
   1.58215   1.58215   1.58215   1.58215   1.58215   1.58215   1.58215   1.58215
   1.58215   1.58215   1.58215   1.58215   1.58215   1.58215   1.58215   1.58215
   1.58215   1.58215   1.58215   1.58215   1.58215   1.58215   1.58215   1.58215
   1.58215   1.58215   1.58215   1.58215
   1.90441   1.90441   1.90441   1.90441   1.90441   1.90441   1.90441   1.90441
   1.90441   1.90441   1.90441   1.90441   1.90441   1.90441   1.90441   1.90441
   1.90441   1.90441   1.90441   1.90441   1.90441   1.90441   1.90441   1.90441
   1.90441   1.90441   1.90441   1.90441   1.90441   1.90441   1.90441   1.90441
   1.90441   1.90441   1.90441   1.90441
   1.93668   1.93668   1.93668   1.93668   1.93668   1.93668   1.93668   1.93668
   1.93668   1.93668   1.93668   1.93668   1.93668   1.93668   1.93668   1.93668
   1.93668   1.93668   1.93668   1.93668   1.93668   1.93668   1.93668   1.93668
   1.93668   1.93668   1.93668   1.93668   1.93668   1.93668   1.93668   1.93668
   1.93668   1.93668   1.93668   1.93668
   1.94363   1.94363   1.94363   1.94363   1.94363   1.94363   1.94363   1.94363
   1.94363   1.94363   1.94363   1.94363   1.94363   1.94363   1.94363   1.94363
   1.94363   1.94363   1.94363   1.94363   1.94363   1.94363   1.94363   1.94363
   1.94363   1.94363   1.94363   1.94363   1.94363   1.94363   1.94363   1.94363
   1.94363   1.94363   1.94363   1.94363
   1.93648   1.93648   1.93648   1.93648   1.93648   1.93648   1.93648   1.93648
   1.93648   1.93648   1.93648   1.93648   1.93648   1.93648   1.93648   1.93648
   1.93648   1.93648   1.93648   1.93648   1.93648   1.93648   1.93648   1.93648
   1.93648   1.93648   1.93648   1.93648   1.93648   1.93648   1.93648   1.93648
   1.93648   1.93648   1.93648   1.93648
   1.49928   1.49928   1.49928   1.49928   1.49928   1.49928   1.49928   1.49928
   1.49928   1.49928   1.49928   1.49928   1.49928   1.49928   1.49928   1.49928
   1.49928   1.49928   1.49928   1.49928   1.49928   1.49928   1.49928   1.49928
   1.49928   1.49928   1.49928   1.49928   1.49928   1.49928   1.49928   1.49928
   1.49928   1.49928   1.49928   1.49928
   0.00559   0.00559   0.00559   0.00559   0.00559   0.00559   0.00559   0.00559
   0.00559   0.00559   0.00559   0.00559   0.00559   0.00559   0.00559   0.00559
   0.00559   0.00559   0.00559   0.00559   0.00559   0.00559   0.00559   0.00559
   0.00559   0.00559   0.00559   0.00559   0.00559   0.00559   0.00559   0.00559
   0.00559   0.00559   0.00559   0.00559
  DUST 1 asy
   0.79107   0.79107   0.79107   0.79107   0.79107   0.79107   0.79107   0.79107
   0.79107   0.79107   0.79107   0.79107   0.79107   0.79107   0.79107   0.79107
   0.79107   0.79107   0.79107   0.79107   0.79107   0.79107   0.79107   0.79107
   0.79107   0.79107   0.79107   0.79107   0.79107   0.79107   0.79107   0.79107
   0.79107   0.79107   0.79107   0.79107
   0.73430   0.73430   0.73430   0.73430   0.73430   0.73430   0.73430   0.73430
   0.73430   0.73430   0.73430   0.73430   0.73430   0.73430   0.73430   0.73430
   0.73430   0.73430   0.73430   0.73430   0.73430   0.73430   0.73430   0.73430
   0.73430   0.73430   0.73430   0.73430   0.73430   0.73430   0.73430   0.73430
   0.73430   0.73430   0.73430   0.73430
   0.71490   0.71490   0.71490   0.71490   0.71490   0.71490   0.71490   0.71490
   0.71490   0.71490   0.71490   0.71490   0.71490   0.71490   0.71490   0.71490
   0.71490   0.71490   0.71490   0.71490   0.71490   0.71490   0.71490   0.71490
   0.71490   0.71490   0.71490   0.71490   0.71490   0.71490   0.71490   0.71490
   0.71490   0.71490   0.71490   0.71490
   0.71088   0.71088   0.71088   0.71088   0.71088   0.71088   0.71088   0.71088
   0.71088   0.71088   0.71088   0.71088   0.71088   0.71088   0.71088   0.71088
   0.71088   0.71088   0.71088   0.71088   0.71088   0.71088   0.71088   0.71088
   0.71088   0.71088   0.71088   0.71088   0.71088   0.71088   0.71088   0.71088
   0.71088   0.71088   0.71088   0.71088
   0.70663   0.70663   0.70663   0.70663   0.70663   0.70663   0.70663   0.70663
   0.70663   0.70663   0.70663   0.70663   0.70663   0.70663   0.70663   0.70663
   0.70663   0.70663   0.70663   0.70663   0.70663   0.70663   0.70663   0.70663
   0.70663   0.70663   0.70663   0.70663   0.70663   0.70663   0.70663   0.70663
   0.70663   0.70663   0.70663   0.70663
   0.67540   0.67540   0.67540   0.67540   0.67540   0.67540   0.67540   0.67540
   0.67540   0.67540   0.67540   0.67540   0.67540   0.67540   0.67540   0.67540
   0.67540   0.67540   0.67540   0.67540   0.67540   0.67540   0.67540   0.67540
   0.67540   0.67540   0.67540   0.67540   0.67540   0.67540   0.67540   0.67540
   0.67540   0.67540   0.67540   0.67540
   0.03866   0.03866   0.03866   0.03866   0.03866   0.03866   0.03866   0.03866
   0.03866   0.03866   0.03866   0.03866   0.03866   0.03866   0.03866   0.03866
   0.03866   0.03866   0.03866   0.03866   0.03866   0.03866   0.03866   0.03866
   0.03866   0.03866   0.03866   0.03866   0.03866   0.03866   0.03866   0.03866
   0.03866   0.03866   0.03866   0.03866
  DUST 1 ssa
   0.84554   0.84554   0.84554   0.84554   0.84554   0.84554   0.84554   0.84554
   0.84554   0.84554   0.84554   0.84554   0.84554   0.84554   0.84554   0.84554
   0.84554   0.84554   0.84554   0.84554   0.84554   0.84554   0.84554   0.84554
   0.84554   0.84554   0.84554   0.84554   0.84554   0.84554   0.84554   0.84554
   0.84554   0.84554   0.84554   0.84554
   0.93707   0.93707   0.93707   0.93707   0.93707   0.93707   0.93707   0.93707
   0.93707   0.93707   0.93707   0.93707   0.93707   0.93707   0.93707   0.93707
   0.93707   0.93707   0.93707   0.93707   0.93707   0.93707   0.93707   0.93707
   0.93707   0.93707   0.93707   0.93707   0.93707   0.93707   0.93707   0.93707
   0.93707   0.93707   0.93707   0.93707
   0.95953   0.95953   0.95953   0.95953   0.95953   0.95953   0.95953   0.95953
   0.95953   0.95953   0.95953   0.95953   0.95953   0.95953   0.95953   0.95953
   0.95953   0.95953   0.95953   0.95953   0.95953   0.95953   0.95953   0.95953
   0.95953   0.95953   0.95953   0.95953   0.95953   0.95953   0.95953   0.95953
   0.95953   0.95953   0.95953   0.95953
   0.96387   0.96387   0.96387   0.96387   0.96387   0.96387   0.96387   0.96387
   0.96387   0.96387   0.96387   0.96387   0.96387   0.96387   0.96387   0.96387
   0.96387   0.96387   0.96387   0.96387   0.96387   0.96387   0.96387   0.96387
   0.96387   0.96387   0.96387   0.96387   0.96387   0.96387   0.96387   0.96387
   0.96387   0.96387   0.96387   0.96387
   0.97558   0.97558   0.97558   0.97558   0.97558   0.97558   0.97558   0.97558
   0.97558   0.97558   0.97558   0.97558   0.97558   0.97558   0.97558   0.97558
   0.97558   0.97558   0.97558   0.97558   0.97558   0.97558   0.97558   0.97558
   0.97558   0.97558   0.97558   0.97558   0.97558   0.97558   0.97558   0.97558
   0.97558   0.97558   0.97558   0.97558
   0.97559   0.97559   0.97559   0.97559   0.97559   0.97559   0.97559   0.97559
   0.97559   0.97559   0.97559   0.97559   0.97559   0.97559   0.97559   0.97559
   0.97559   0.97559   0.97559   0.97559   0.97559   0.97559   0.97559   0.97559
   0.97559   0.97559   0.97559   0.97559   0.97559   0.97559   0.97559   0.97559
   0.97559   0.97559   0.97559   0.97559
   0.08773   0.08773   0.08773   0.08773   0.08773   0.08773   0.08773   0.08773
   0.08773   0.08773   0.08773   0.08773   0.08773   0.08773   0.08773   0.08773
   0.08773   0.08773   0.08773   0.08773   0.08773   0.08773   0.08773   0.08773
   0.08773   0.08773   0.08773   0.08773   0.08773   0.08773   0.08773   0.08773
   0.08773   0.08773   0.08773   0.08773
  DUST 2 ext
   0.56764   0.56764   0.56764   0.56764   0.56764   0.56764   0.56764   0.56764
   0.56764   0.56764   0.56764   0.56764   0.56764   0.56764   0.56764   0.56764
   0.56764   0.56764   0.56764   0.56764   0.56764   0.56764   0.56764   0.56764
   0.56764   0.56764   0.56764   0.56764   0.56764   0.56764   0.56764   0.56764
   0.56764   0.56764   0.56764   0.56764
   0.62557   0.62557   0.62557   0.62557   0.62557   0.62557   0.62557   0.62557
   0.62557   0.62557   0.62557   0.62557   0.62557   0.62557   0.62557   0.62557
   0.62557   0.62557   0.62557   0.62557   0.62557   0.62557   0.62557   0.62557
   0.62557   0.62557   0.62557   0.62557   0.62557   0.62557   0.62557   0.62557
   0.62557   0.62557   0.62557   0.62557
   0.64042   0.64042   0.64042   0.64042   0.64042   0.64042   0.64042   0.64042
   0.64042   0.64042   0.64042   0.64042   0.64042   0.64042   0.64042   0.64042
   0.64042   0.64042   0.64042   0.64042   0.64042   0.64042   0.64042   0.64042
   0.64042   0.64042   0.64042   0.64042   0.64042   0.64042   0.64042   0.64042
   0.64042   0.64042   0.64042   0.64042
   0.64447   0.64447   0.64447   0.64447   0.64447   0.64447   0.64447   0.64447
   0.64447   0.64447   0.64447   0.64447   0.64447   0.64447   0.64447   0.64447
   0.64447   0.64447   0.64447   0.64447   0.64447   0.64447   0.64447   0.64447
   0.64447   0.64447   0.64447   0.64447   0.64447   0.64447   0.64447   0.64447
   0.64447   0.64447   0.64447   0.64447
   0.66713   0.66713   0.66713   0.66713   0.66713   0.66713   0.66713   0.66713
   0.66713   0.66713   0.66713   0.66713   0.66713   0.66713   0.66713   0.66713
   0.66713   0.66713   0.66713   0.66713   0.66713   0.66713   0.66713   0.66713
   0.66713   0.66713   0.66713   0.66713   0.66713   0.66713   0.66713   0.66713
   0.66713   0.66713   0.66713   0.66713
   0.88454   0.88454   0.88454   0.88454   0.88454   0.88454   0.88454   0.88454
   0.88454   0.88454   0.88454   0.88454   0.88454   0.88454   0.88454   0.88454
   0.88454   0.88454   0.88454   0.88454   0.88454   0.88454   0.88454   0.88454
   0.88454   0.88454   0.88454   0.88454   0.88454   0.88454   0.88454   0.88454
   0.88454   0.88454   0.88454   0.88454
   0.10727   0.10727   0.10727   0.10727   0.10727   0.10727   0.10727   0.10727
   0.10727   0.10727   0.10727   0.10727   0.10727   0.10727   0.10727   0.10727
   0.10727   0.10727   0.10727   0.10727   0.10727   0.10727   0.10727   0.10727
   0.10727   0.10727   0.10727   0.10727   0.10727   0.10727   0.10727   0.10727
   0.10727   0.10727   0.10727   0.10727
  DUST 2 sca
   0.41501   0.41501   0.41501   0.41501   0.41501   0.41501   0.41501   0.41501
   0.41501   0.41501   0.41501   0.41501   0.41501   0.41501   0.41501   0.41501
   0.41501   0.41501   0.41501   0.41501   0.41501   0.41501   0.41501   0.41501
   0.41501   0.41501   0.41501   0.41501   0.41501   0.41501   0.41501   0.41501
   0.41501   0.41501   0.41501   0.41501
   0.54218   0.54218   0.54218   0.54218   0.54218   0.54218   0.54218   0.54218
   0.54218   0.54218   0.54218   0.54218   0.54218   0.54218   0.54218   0.54218
   0.54218   0.54218   0.54218   0.54218   0.54218   0.54218   0.54218   0.54218
   0.54218   0.54218   0.54218   0.54218   0.54218   0.54218   0.54218   0.54218
   0.54218   0.54218   0.54218   0.54218
   0.58176   0.58176   0.58176   0.58176   0.58176   0.58176   0.58176   0.58176
   0.58176   0.58176   0.58176   0.58176   0.58176   0.58176   0.58176   0.58176
   0.58176   0.58176   0.58176   0.58176   0.58176   0.58176   0.58176   0.58176
   0.58176   0.58176   0.58176   0.58176   0.58176   0.58176   0.58176   0.58176
   0.58176   0.58176   0.58176   0.58176
   0.59147   0.59147   0.59147   0.59147   0.59147   0.59147   0.59147   0.59147
   0.59147   0.59147   0.59147   0.59147   0.59147   0.59147   0.59147   0.59147
   0.59147   0.59147   0.59147   0.59147   0.59147   0.59147   0.59147   0.59147
   0.59147   0.59147   0.59147   0.59147   0.59147   0.59147   0.59147   0.59147
   0.59147   0.59147   0.59147   0.59147
   0.62836   0.62836   0.62836   0.62836   0.62836   0.62836   0.62836   0.62836
   0.62836   0.62836   0.62836   0.62836   0.62836   0.62836   0.62836   0.62836
   0.62836   0.62836   0.62836   0.62836   0.62836   0.62836   0.62836   0.62836
   0.62836   0.62836   0.62836   0.62836   0.62836   0.62836   0.62836   0.62836
   0.62836   0.62836   0.62836   0.62836
   0.84538   0.84538   0.84538   0.84538   0.84538   0.84538   0.84538   0.84538
   0.84538   0.84538   0.84538   0.84538   0.84538   0.84538   0.84538   0.84538
   0.84538   0.84538   0.84538   0.84538   0.84538   0.84538   0.84538   0.84538
   0.84538   0.84538   0.84538   0.84538   0.84538   0.84538   0.84538   0.84538
   0.84538   0.84538   0.84538   0.84538
   0.03805   0.03805   0.03805   0.03805   0.03805   0.03805   0.03805   0.03805
   0.03805   0.03805   0.03805   0.03805   0.03805   0.03805   0.03805   0.03805
   0.03805   0.03805   0.03805   0.03805   0.03805   0.03805   0.03805   0.03805
   0.03805   0.03805   0.03805   0.03805   0.03805   0.03805   0.03805   0.03805
   0.03805   0.03805   0.03805   0.03805
  DUST 2 asy
   0.86332   0.86332   0.86332   0.86332   0.86332   0.86332   0.86332   0.86332
   0.86332   0.86332   0.86332   0.86332   0.86332   0.86332   0.86332   0.86332
   0.86332   0.86332   0.86332   0.86332   0.86332   0.86332   0.86332   0.86332
   0.86332   0.86332   0.86332   0.86332   0.86332   0.86332   0.86332   0.86332
   0.86332   0.86332   0.86332   0.86332
   0.79347   0.79347   0.79347   0.79347   0.79347   0.79347   0.79347   0.79347
   0.79347   0.79347   0.79347   0.79347   0.79347   0.79347   0.79347   0.79347
   0.79347   0.79347   0.79347   0.79347   0.79347   0.79347   0.79347   0.79347
   0.79347   0.79347   0.79347   0.79347   0.79347   0.79347   0.79347   0.79347
   0.79347   0.79347   0.79347   0.79347
   0.76141   0.76141   0.76141   0.76141   0.76141   0.76141   0.76141   0.76141
   0.76141   0.76141   0.76141   0.76141   0.76141   0.76141   0.76141   0.76141
   0.76141   0.76141   0.76141   0.76141   0.76141   0.76141   0.76141   0.76141
   0.76141   0.76141   0.76141   0.76141   0.76141   0.76141   0.76141   0.76141
   0.76141   0.76141   0.76141   0.76141
   0.75416   0.75416   0.75416   0.75416   0.75416   0.75416   0.75416   0.75416
   0.75416   0.75416   0.75416   0.75416   0.75416   0.75416   0.75416   0.75416
   0.75416   0.75416   0.75416   0.75416   0.75416   0.75416   0.75416   0.75416
   0.75416   0.75416   0.75416   0.75416   0.75416   0.75416   0.75416   0.75416
   0.75416   0.75416   0.75416   0.75416
   0.72310   0.72310   0.72310   0.72310   0.72310   0.72310   0.72310   0.72310
   0.72310   0.72310   0.72310   0.72310   0.72310   0.72310   0.72310   0.72310
   0.72310   0.72310   0.72310   0.72310   0.72310   0.72310   0.72310   0.72310
   0.72310   0.72310   0.72310   0.72310   0.72310   0.72310   0.72310   0.72310
   0.72310   0.72310   0.72310   0.72310
   0.72236   0.72236   0.72236   0.72236   0.72236   0.72236   0.72236   0.72236
   0.72236   0.72236   0.72236   0.72236   0.72236   0.72236   0.72236   0.72236
   0.72236   0.72236   0.72236   0.72236   0.72236   0.72236   0.72236   0.72236
   0.72236   0.72236   0.72236   0.72236   0.72236   0.72236   0.72236   0.72236
   0.72236   0.72236   0.72236   0.72236
   0.15819   0.15819   0.15819   0.15819   0.15819   0.15819   0.15819   0.15819
   0.15819   0.15819   0.15819   0.15819   0.15819   0.15819   0.15819   0.15819
   0.15819   0.15819   0.15819   0.15819   0.15819   0.15819   0.15819   0.15819
   0.15819   0.15819   0.15819   0.15819   0.15819   0.15819   0.15819   0.15819
   0.15819   0.15819   0.15819   0.15819
  DUST 2 ssa
   0.73110   0.73110   0.73110   0.73110   0.73110   0.73110   0.73110   0.73110
   0.73110   0.73110   0.73110   0.73110   0.73110   0.73110   0.73110   0.73110
   0.73110   0.73110   0.73110   0.73110   0.73110   0.73110   0.73110   0.73110
   0.73110   0.73110   0.73110   0.73110   0.73110   0.73110   0.73110   0.73110
   0.73110   0.73110   0.73110   0.73110
   0.86761   0.86761   0.86761   0.86761   0.86761   0.86761   0.86761   0.86761
   0.86761   0.86761   0.86761   0.86761   0.86761   0.86761   0.86761   0.86761
   0.86761   0.86761   0.86761   0.86761   0.86761   0.86761   0.86761   0.86761
   0.86761   0.86761   0.86761   0.86761   0.86761   0.86761   0.86761   0.86761
   0.86761   0.86761   0.86761   0.86761
   0.90965   0.90965   0.90965   0.90965   0.90965   0.90965   0.90965   0.90965
   0.90965   0.90965   0.90965   0.90965   0.90965   0.90965   0.90965   0.90965
   0.90965   0.90965   0.90965   0.90965   0.90965   0.90965   0.90965   0.90965
   0.90965   0.90965   0.90965   0.90965   0.90965   0.90965   0.90965   0.90965
   0.90965   0.90965   0.90965   0.90965
   0.91776   0.91776   0.91776   0.91776   0.91776   0.91776   0.91776   0.91776
   0.91776   0.91776   0.91776   0.91776   0.91776   0.91776   0.91776   0.91776
   0.91776   0.91776   0.91776   0.91776   0.91776   0.91776   0.91776   0.91776
   0.91776   0.91776   0.91776   0.91776   0.91776   0.91776   0.91776   0.91776
   0.91776   0.91776   0.91776   0.91776
   0.94190   0.94190   0.94190   0.94190   0.94190   0.94190   0.94190   0.94190
   0.94190   0.94190   0.94190   0.94190   0.94190   0.94190   0.94190   0.94190
   0.94190   0.94190   0.94190   0.94190   0.94190   0.94190   0.94190   0.94190
   0.94190   0.94190   0.94190   0.94190   0.94190   0.94190   0.94190   0.94190
   0.94190   0.94190   0.94190   0.94190
   0.95573   0.95573   0.95573   0.95573   0.95573   0.95573   0.95573   0.95573
   0.95573   0.95573   0.95573   0.95573   0.95573   0.95573   0.95573   0.95573
   0.95573   0.95573   0.95573   0.95573   0.95573   0.95573   0.95573   0.95573
   0.95573   0.95573   0.95573   0.95573   0.95573   0.95573   0.95573   0.95573
   0.95573   0.95573   0.95573   0.95573
   0.35469   0.35469   0.35469   0.35469   0.35469   0.35469   0.35469   0.35469
   0.35469   0.35469   0.35469   0.35469   0.35469   0.35469   0.35469   0.35469
   0.35469   0.35469   0.35469   0.35469   0.35469   0.35469   0.35469   0.35469
   0.35469   0.35469   0.35469   0.35469   0.35469   0.35469   0.35469   0.35469
   0.35469   0.35469   0.35469   0.35469
  DUST 3 ext
   0.29897   0.29897   0.29897   0.29897   0.29897   0.29897   0.29897   0.29897
   0.29897   0.29897   0.29897   0.29897   0.29897   0.29897   0.29897   0.29897
   0.29897   0.29897   0.29897   0.29897   0.29897   0.29897   0.29897   0.29897
   0.29897   0.29897   0.29897   0.29897   0.29897   0.29897   0.29897   0.29897
   0.29897   0.29897   0.29897   0.29897
   0.32530   0.32530   0.32530   0.32530   0.32530   0.32530   0.32530   0.32530
   0.32530   0.32530   0.32530   0.32530   0.32530   0.32530   0.32530   0.32530
   0.32530   0.32530   0.32530   0.32530   0.32530   0.32530   0.32530   0.32530
   0.32530   0.32530   0.32530   0.32530   0.32530   0.32530   0.32530   0.32530
   0.32530   0.32530   0.32530   0.32530
   0.33188   0.33188   0.33188   0.33188   0.33188   0.33188   0.33188   0.33188
   0.33188   0.33188   0.33188   0.33188   0.33188   0.33188   0.33188   0.33188
   0.33188   0.33188   0.33188   0.33188   0.33188   0.33188   0.33188   0.33188
   0.33188   0.33188   0.33188   0.33188   0.33188   0.33188   0.33188   0.33188
   0.33188   0.33188   0.33188   0.33188
   0.33388   0.33388   0.33388   0.33388   0.33388   0.33388   0.33388   0.33388
   0.33388   0.33388   0.33388   0.33388   0.33388   0.33388   0.33388   0.33388
   0.33388   0.33388   0.33388   0.33388   0.33388   0.33388   0.33388   0.33388
   0.33388   0.33388   0.33388   0.33388   0.33388   0.33388   0.33388   0.33388
   0.33388   0.33388   0.33388   0.33388
   0.34707   0.34707   0.34707   0.34707   0.34707   0.34707   0.34707   0.34707
   0.34707   0.34707   0.34707   0.34707   0.34707   0.34707   0.34707   0.34707
   0.34707   0.34707   0.34707   0.34707   0.34707   0.34707   0.34707   0.34707
   0.34707   0.34707   0.34707   0.34707   0.34707   0.34707   0.34707   0.34707
   0.34707   0.34707   0.34707   0.34707
   0.41268   0.41268   0.41268   0.41268   0.41268   0.41268   0.41268   0.41268
   0.41268   0.41268   0.41268   0.41268   0.41268   0.41268   0.41268   0.41268
   0.41268   0.41268   0.41268   0.41268   0.41268   0.41268   0.41268   0.41268
   0.41268   0.41268   0.41268   0.41268   0.41268   0.41268   0.41268   0.41268
   0.41268   0.41268   0.41268   0.41268
   0.20928   0.20928   0.20928   0.20928   0.20928   0.20928   0.20928   0.20928
   0.20928   0.20928   0.20928   0.20928   0.20928   0.20928   0.20928   0.20928
   0.20928   0.20928   0.20928   0.20928   0.20928   0.20928   0.20928   0.20928
   0.20928   0.20928   0.20928   0.20928   0.20928   0.20928   0.20928   0.20928
   0.20928   0.20928   0.20928   0.20928
  DUST 3 sca
   0.19796   0.19796   0.19796   0.19796   0.19796   0.19796   0.19796   0.19796
   0.19796   0.19796   0.19796   0.19796   0.19796   0.19796   0.19796   0.19796
   0.19796   0.19796   0.19796   0.19796   0.19796   0.19796   0.19796   0.19796
   0.19796   0.19796   0.19796   0.19796   0.19796   0.19796   0.19796   0.19796
   0.19796   0.19796   0.19796   0.19796
   0.26447   0.26447   0.26447   0.26447   0.26447   0.26447   0.26447   0.26447
   0.26447   0.26447   0.26447   0.26447   0.26447   0.26447   0.26447   0.26447
   0.26447   0.26447   0.26447   0.26447   0.26447   0.26447   0.26447   0.26447
   0.26447   0.26447   0.26447   0.26447   0.26447   0.26447   0.26447   0.26447
   0.26447   0.26447   0.26447   0.26447
   0.28950   0.28950   0.28950   0.28950   0.28950   0.28950   0.28950   0.28950
   0.28950   0.28950   0.28950   0.28950   0.28950   0.28950   0.28950   0.28950
   0.28950   0.28950   0.28950   0.28950   0.28950   0.28950   0.28950   0.28950
   0.28950   0.28950   0.28950   0.28950   0.28950   0.28950   0.28950   0.28950
   0.28950   0.28950   0.28950   0.28950
   0.29583   0.29583   0.29583   0.29583   0.29583   0.29583   0.29583   0.29583
   0.29583   0.29583   0.29583   0.29583   0.29583   0.29583   0.29583   0.29583
   0.29583   0.29583   0.29583   0.29583   0.29583   0.29583   0.29583   0.29583
   0.29583   0.29583   0.29583   0.29583   0.29583   0.29583   0.29583   0.29583
   0.29583   0.29583   0.29583   0.29583
   0.31858   0.31858   0.31858   0.31858   0.31858   0.31858   0.31858   0.31858
   0.31858   0.31858   0.31858   0.31858   0.31858   0.31858   0.31858   0.31858
   0.31858   0.31858   0.31858   0.31858   0.31858   0.31858   0.31858   0.31858
   0.31858   0.31858   0.31858   0.31858   0.31858   0.31858   0.31858   0.31858
   0.31858   0.31858   0.31858   0.31858
   0.37943   0.37943   0.37943   0.37943   0.37943   0.37943   0.37943   0.37943
   0.37943   0.37943   0.37943   0.37943   0.37943   0.37943   0.37943   0.37943
   0.37943   0.37943   0.37943   0.37943   0.37943   0.37943   0.37943   0.37943
   0.37943   0.37943   0.37943   0.37943   0.37943   0.37943   0.37943   0.37943
   0.37943   0.37943   0.37943   0.37943
   0.11854   0.11854   0.11854   0.11854   0.11854   0.11854   0.11854   0.11854
   0.11854   0.11854   0.11854   0.11854   0.11854   0.11854   0.11854   0.11854
   0.11854   0.11854   0.11854   0.11854   0.11854   0.11854   0.11854   0.11854
   0.11854   0.11854   0.11854   0.11854   0.11854   0.11854   0.11854   0.11854
   0.11854   0.11854   0.11854   0.11854
  DUST 3 asy
   0.91263   0.91263   0.91263   0.91263   0.91263   0.91263   0.91263   0.91263
   0.91263   0.91263   0.91263   0.91263   0.91263   0.91263   0.91263   0.91263
   0.91263   0.91263   0.91263   0.91263   0.91263   0.91263   0.91263   0.91263
   0.91263   0.91263   0.91263   0.91263   0.91263   0.91263   0.91263   0.91263
   0.91263   0.91263   0.91263   0.91263
   0.84493   0.84493   0.84493   0.84493   0.84493   0.84493   0.84493   0.84493
   0.84493   0.84493   0.84493   0.84493   0.84493   0.84493   0.84493   0.84493
   0.84493   0.84493   0.84493   0.84493   0.84493   0.84493   0.84493   0.84493
   0.84493   0.84493   0.84493   0.84493   0.84493   0.84493   0.84493   0.84493
   0.84493   0.84493   0.84493   0.84493
   0.80525   0.80525   0.80525   0.80525   0.80525   0.80525   0.80525   0.80525
   0.80525   0.80525   0.80525   0.80525   0.80525   0.80525   0.80525   0.80525
   0.80525   0.80525   0.80525   0.80525   0.80525   0.80525   0.80525   0.80525
   0.80525   0.80525   0.80525   0.80525   0.80525   0.80525   0.80525   0.80525
   0.80525   0.80525   0.80525   0.80525
   0.79637   0.79637   0.79637   0.79637   0.79637   0.79637   0.79637   0.79637
   0.79637   0.79637   0.79637   0.79637   0.79637   0.79637   0.79637   0.79637
   0.79637   0.79637   0.79637   0.79637   0.79637   0.79637   0.79637   0.79637
   0.79637   0.79637   0.79637   0.79637   0.79637   0.79637   0.79637   0.79637
   0.79637   0.79637   0.79637   0.79637
   0.77045   0.77045   0.77045   0.77045   0.77045   0.77045   0.77045   0.77045
   0.77045   0.77045   0.77045   0.77045   0.77045   0.77045   0.77045   0.77045
   0.77045   0.77045   0.77045   0.77045   0.77045   0.77045   0.77045   0.77045
   0.77045   0.77045   0.77045   0.77045   0.77045   0.77045   0.77045   0.77045
   0.77045   0.77045   0.77045   0.77045
   0.72236   0.72236   0.72236   0.72236   0.72236   0.72236   0.72236   0.72236
   0.72236   0.72236   0.72236   0.72236   0.72236   0.72236   0.72236   0.72236
   0.72236   0.72236   0.72236   0.72236   0.72236   0.72236   0.72236   0.72236
   0.72236   0.72236   0.72236   0.72236   0.72236   0.72236   0.72236   0.72236
   0.72236   0.72236   0.72236   0.72236
   0.43728   0.43728   0.43728   0.43728   0.43728   0.43728   0.43728   0.43728
   0.43728   0.43728   0.43728   0.43728   0.43728   0.43728   0.43728   0.43728
   0.43728   0.43728   0.43728   0.43728   0.43728   0.43728   0.43728   0.43728
   0.43728   0.43728   0.43728   0.43728   0.43728   0.43728   0.43728   0.43728
   0.43728   0.43728   0.43728   0.43728
  DUST 3 ssa
   0.66215   0.66215   0.66215   0.66215   0.66215   0.66215   0.66215   0.66215
   0.66215   0.66215   0.66215   0.66215   0.66215   0.66215   0.66215   0.66215
   0.66215   0.66215   0.66215   0.66215   0.66215   0.66215   0.66215   0.66215
   0.66215   0.66215   0.66215   0.66215   0.66215   0.66215   0.66215   0.66215
   0.66215   0.66215   0.66215   0.66215
   0.81464   0.81464   0.81464   0.81464   0.81464   0.81464   0.81464   0.81464
   0.81464   0.81464   0.81464   0.81464   0.81464   0.81464   0.81464   0.81464
   0.81464   0.81464   0.81464   0.81464   0.81464   0.81464   0.81464   0.81464
   0.81464   0.81464   0.81464   0.81464   0.81464   0.81464   0.81464   0.81464
   0.81464   0.81464   0.81464   0.81464
   0.87476   0.87476   0.87476   0.87476   0.87476   0.87476   0.87476   0.87476
   0.87476   0.87476   0.87476   0.87476   0.87476   0.87476   0.87476   0.87476
   0.87476   0.87476   0.87476   0.87476   0.87476   0.87476   0.87476   0.87476
   0.87476   0.87476   0.87476   0.87476   0.87476   0.87476   0.87476   0.87476
   0.87476   0.87476   0.87476   0.87476
   0.88604   0.88604   0.88604   0.88604   0.88604   0.88604   0.88604   0.88604
   0.88604   0.88604   0.88604   0.88604   0.88604   0.88604   0.88604   0.88604
   0.88604   0.88604   0.88604   0.88604   0.88604   0.88604   0.88604   0.88604
   0.88604   0.88604   0.88604   0.88604   0.88604   0.88604   0.88604   0.88604
   0.88604   0.88604   0.88604   0.88604
   0.91791   0.91791   0.91791   0.91791   0.91791   0.91791   0.91791   0.91791
   0.91791   0.91791   0.91791   0.91791   0.91791   0.91791   0.91791   0.91791
   0.91791   0.91791   0.91791   0.91791   0.91791   0.91791   0.91791   0.91791
   0.91791   0.91791   0.91791   0.91791   0.91791   0.91791   0.91791   0.91791
   0.91791   0.91791   0.91791   0.91791
   0.91943   0.91943   0.91943   0.91943   0.91943   0.91943   0.91943   0.91943
   0.91943   0.91943   0.91943   0.91943   0.91943   0.91943   0.91943   0.91943
   0.91943   0.91943   0.91943   0.91943   0.91943   0.91943   0.91943   0.91943
   0.91943   0.91943   0.91943   0.91943   0.91943   0.91943   0.91943   0.91943
   0.91943   0.91943   0.91943   0.91943
   0.56643   0.56643   0.56643   0.56643   0.56643   0.56643   0.56643   0.56643
   0.56643   0.56643   0.56643   0.56643   0.56643   0.56643   0.56643   0.56643
   0.56643   0.56643   0.56643   0.56643   0.56643   0.56643   0.56643   0.56643
   0.56643   0.56643   0.56643   0.56643   0.56643   0.56643   0.56643   0.56643
   0.56643   0.56643   0.56643   0.56643
  DUST 4 ext
   0.15355   0.15355   0.15355   0.15355   0.15355   0.15355   0.15355   0.15355
   0.15355   0.15355   0.15355   0.15355   0.15355   0.15355   0.15355   0.15355
   0.15355   0.15355   0.15355   0.15355   0.15355   0.15355   0.15355   0.15355
   0.15355   0.15355   0.15355   0.15355   0.15355   0.15355   0.15355   0.15355
   0.15355   0.15355   0.15355   0.15355
   0.16549   0.16549   0.16549   0.16549   0.16549   0.16549   0.16549   0.16549
   0.16549   0.16549   0.16549   0.16549   0.16549   0.16549   0.16549   0.16549
   0.16549   0.16549   0.16549   0.16549   0.16549   0.16549   0.16549   0.16549
   0.16549   0.16549   0.16549   0.16549   0.16549   0.16549   0.16549   0.16549
   0.16549   0.16549   0.16549   0.16549
   0.16689   0.16689   0.16689   0.16689   0.16689   0.16689   0.16689   0.16689
   0.16689   0.16689   0.16689   0.16689   0.16689   0.16689   0.16689   0.16689
   0.16689   0.16689   0.16689   0.16689   0.16689   0.16689   0.16689   0.16689
   0.16689   0.16689   0.16689   0.16689   0.16689   0.16689   0.16689   0.16689
   0.16689   0.16689   0.16689   0.16689
   0.16736   0.16736   0.16736   0.16736   0.16736   0.16736   0.16736   0.16736
   0.16736   0.16736   0.16736   0.16736   0.16736   0.16736   0.16736   0.16736
   0.16736   0.16736   0.16736   0.16736   0.16736   0.16736   0.16736   0.16736
   0.16736   0.16736   0.16736   0.16736   0.16736   0.16736   0.16736   0.16736
   0.16736   0.16736   0.16736   0.16736
   0.17247   0.17247   0.17247   0.17247   0.17247   0.17247   0.17247   0.17247
   0.17247   0.17247   0.17247   0.17247   0.17247   0.17247   0.17247   0.17247
   0.17247   0.17247   0.17247   0.17247   0.17247   0.17247   0.17247   0.17247
   0.17247   0.17247   0.17247   0.17247   0.17247   0.17247   0.17247   0.17247
   0.17247   0.17247   0.17247   0.17247
   0.20455   0.20455   0.20455   0.20455   0.20455   0.20455   0.20455   0.20455
   0.20455   0.20455   0.20455   0.20455   0.20455   0.20455   0.20455   0.20455
   0.20455   0.20455   0.20455   0.20455   0.20455   0.20455   0.20455   0.20455
   0.20455   0.20455   0.20455   0.20455   0.20455   0.20455   0.20455   0.20455
   0.20455   0.20455   0.20455   0.20455
   0.21714   0.21714   0.21714   0.21714   0.21714   0.21714   0.21714   0.21714
   0.21714   0.21714   0.21714   0.21714   0.21714   0.21714   0.21714   0.21714
   0.21714   0.21714   0.21714   0.21714   0.21714   0.21714   0.21714   0.21714
   0.21714   0.21714   0.21714   0.21714   0.21714   0.21714   0.21714   0.21714
   0.21714   0.21714   0.21714   0.21714
  DUST 4 sca
   0.09340   0.09340   0.09340   0.09340   0.09340   0.09340   0.09340   0.09340
   0.09340   0.09340   0.09340   0.09340   0.09340   0.09340   0.09340   0.09340
   0.09340   0.09340   0.09340   0.09340   0.09340   0.09340   0.09340   0.09340
   0.09340   0.09340   0.09340   0.09340   0.09340   0.09340   0.09340   0.09340
   0.09340   0.09340   0.09340   0.09340
   0.12311   0.12311   0.12311   0.12311   0.12311   0.12311   0.12311   0.12311
   0.12311   0.12311   0.12311   0.12311   0.12311   0.12311   0.12311   0.12311
   0.12311   0.12311   0.12311   0.12311   0.12311   0.12311   0.12311   0.12311
   0.12311   0.12311   0.12311   0.12311   0.12311   0.12311   0.12311   0.12311
   0.12311   0.12311   0.12311   0.12311
   0.13626   0.13626   0.13626   0.13626   0.13626   0.13626   0.13626   0.13626
   0.13626   0.13626   0.13626   0.13626   0.13626   0.13626   0.13626   0.13626
   0.13626   0.13626   0.13626   0.13626   0.13626   0.13626   0.13626   0.13626
   0.13626   0.13626   0.13626   0.13626   0.13626   0.13626   0.13626   0.13626
   0.13626   0.13626   0.13626   0.13626
   0.13947   0.13947   0.13947   0.13947   0.13947   0.13947   0.13947   0.13947
   0.13947   0.13947   0.13947   0.13947   0.13947   0.13947   0.13947   0.13947
   0.13947   0.13947   0.13947   0.13947   0.13947   0.13947   0.13947   0.13947
   0.13947   0.13947   0.13947   0.13947   0.13947   0.13947   0.13947   0.13947
   0.13947   0.13947   0.13947   0.13947
   0.15123   0.15123   0.15123   0.15123   0.15123   0.15123   0.15123   0.15123
   0.15123   0.15123   0.15123   0.15123   0.15123   0.15123   0.15123   0.15123
   0.15123   0.15123   0.15123   0.15123   0.15123   0.15123   0.15123   0.15123
   0.15123   0.15123   0.15123   0.15123   0.15123   0.15123   0.15123   0.15123
   0.15123   0.15123   0.15123   0.15123
   0.17972   0.17972   0.17972   0.17972   0.17972   0.17972   0.17972   0.17972
   0.17972   0.17972   0.17972   0.17972   0.17972   0.17972   0.17972   0.17972
   0.17972   0.17972   0.17972   0.17972   0.17972   0.17972   0.17972   0.17972
   0.17972   0.17972   0.17972   0.17972   0.17972   0.17972   0.17972   0.17972
   0.17972   0.17972   0.17972   0.17972
   0.13384   0.13384   0.13384   0.13384   0.13384   0.13384   0.13384   0.13384
   0.13384   0.13384   0.13384   0.13384   0.13384   0.13384   0.13384   0.13384
   0.13384   0.13384   0.13384   0.13384   0.13384   0.13384   0.13384   0.13384
   0.13384   0.13384   0.13384   0.13384   0.13384   0.13384   0.13384   0.13384
   0.13384   0.13384   0.13384   0.13384
  DUST 4 asy
   0.93633   0.93633   0.93633   0.93633   0.93633   0.93633   0.93633   0.93633
   0.93633   0.93633   0.93633   0.93633   0.93633   0.93633   0.93633   0.93633
   0.93633   0.93633   0.93633   0.93633   0.93633   0.93633   0.93633   0.93633
   0.93633   0.93633   0.93633   0.93633   0.93633   0.93633   0.93633   0.93633
   0.93633   0.93633   0.93633   0.93633
   0.88508   0.88508   0.88508   0.88508   0.88508   0.88508   0.88508   0.88508
   0.88508   0.88508   0.88508   0.88508   0.88508   0.88508   0.88508   0.88508
   0.88508   0.88508   0.88508   0.88508   0.88508   0.88508   0.88508   0.88508
   0.88508   0.88508   0.88508   0.88508   0.88508   0.88508   0.88508   0.88508
   0.88508   0.88508   0.88508   0.88508
   0.84821   0.84821   0.84821   0.84821   0.84821   0.84821   0.84821   0.84821
   0.84821   0.84821   0.84821   0.84821   0.84821   0.84821   0.84821   0.84821
   0.84821   0.84821   0.84821   0.84821   0.84821   0.84821   0.84821   0.84821
   0.84821   0.84821   0.84821   0.84821   0.84821   0.84821   0.84821   0.84821
   0.84821   0.84821   0.84821   0.84821
   0.84029   0.84029   0.84029   0.84029   0.84029   0.84029   0.84029   0.84029
   0.84029   0.84029   0.84029   0.84029   0.84029   0.84029   0.84029   0.84029
   0.84029   0.84029   0.84029   0.84029   0.84029   0.84029   0.84029   0.84029
   0.84029   0.84029   0.84029   0.84029   0.84029   0.84029   0.84029   0.84029
   0.84029   0.84029   0.84029   0.84029
   0.81404   0.81404   0.81404   0.81404   0.81404   0.81404   0.81404   0.81404
   0.81404   0.81404   0.81404   0.81404   0.81404   0.81404   0.81404   0.81404
   0.81404   0.81404   0.81404   0.81404   0.81404   0.81404   0.81404   0.81404
   0.81404   0.81404   0.81404   0.81404   0.81404   0.81404   0.81404   0.81404
   0.81404   0.81404   0.81404   0.81404
   0.78059   0.78059   0.78059   0.78059   0.78059   0.78059   0.78059   0.78059
   0.78059   0.78059   0.78059   0.78059   0.78059   0.78059   0.78059   0.78059
   0.78059   0.78059   0.78059   0.78059   0.78059   0.78059   0.78059   0.78059
   0.78059   0.78059   0.78059   0.78059   0.78059   0.78059   0.78059   0.78059
   0.78059   0.78059   0.78059   0.78059
   0.67770   0.67770   0.67770   0.67770   0.67770   0.67770   0.67770   0.67770
   0.67770   0.67770   0.67770   0.67770   0.67770   0.67770   0.67770   0.67770
   0.67770   0.67770   0.67770   0.67770   0.67770   0.67770   0.67770   0.67770
   0.67770   0.67770   0.67770   0.67770   0.67770   0.67770   0.67770   0.67770
   0.67770   0.67770   0.67770   0.67770
  DUST 4 ssa
   0.60826   0.60826   0.60826   0.60826   0.60826   0.60826   0.60826   0.60826
   0.60826   0.60826   0.60826   0.60826   0.60826   0.60826   0.60826   0.60826
   0.60826   0.60826   0.60826   0.60826   0.60826   0.60826   0.60826   0.60826
   0.60826   0.60826   0.60826   0.60826   0.60826   0.60826   0.60826   0.60826
   0.60826   0.60826   0.60826   0.60826
   0.74653   0.74653   0.74653   0.74653   0.74653   0.74653   0.74653   0.74653
   0.74653   0.74653   0.74653   0.74653   0.74653   0.74653   0.74653   0.74653
   0.74653   0.74653   0.74653   0.74653   0.74653   0.74653   0.74653   0.74653
   0.74653   0.74653   0.74653   0.74653   0.74653   0.74653   0.74653   0.74653
   0.74653   0.74653   0.74653   0.74653
   0.82004   0.82004   0.82004   0.82004   0.82004   0.82004   0.82004   0.82004
   0.82004   0.82004   0.82004   0.82004   0.82004   0.82004   0.82004   0.82004
   0.82004   0.82004   0.82004   0.82004   0.82004   0.82004   0.82004   0.82004
   0.82004   0.82004   0.82004   0.82004   0.82004   0.82004   0.82004   0.82004
   0.82004   0.82004   0.82004   0.82004
   0.83335   0.83335   0.83335   0.83335   0.83335   0.83335   0.83335   0.83335
   0.83335   0.83335   0.83335   0.83335   0.83335   0.83335   0.83335   0.83335
   0.83335   0.83335   0.83335   0.83335   0.83335   0.83335   0.83335   0.83335
   0.83335   0.83335   0.83335   0.83335   0.83335   0.83335   0.83335   0.83335
   0.83335   0.83335   0.83335   0.83335
   0.87701   0.87701   0.87701   0.87701   0.87701   0.87701   0.87701   0.87701
   0.87701   0.87701   0.87701   0.87701   0.87701   0.87701   0.87701   0.87701
   0.87701   0.87701   0.87701   0.87701   0.87701   0.87701   0.87701   0.87701
   0.87701   0.87701   0.87701   0.87701   0.87701   0.87701   0.87701   0.87701
   0.87701   0.87701   0.87701   0.87701
   0.87863   0.87863   0.87863   0.87863   0.87863   0.87863   0.87863   0.87863
   0.87863   0.87863   0.87863   0.87863   0.87863   0.87863   0.87863   0.87863
   0.87863   0.87863   0.87863   0.87863   0.87863   0.87863   0.87863   0.87863
   0.87863   0.87863   0.87863   0.87863   0.87863   0.87863   0.87863   0.87863
   0.87863   0.87863   0.87863   0.87863
   0.61636   0.61636   0.61636   0.61636   0.61636   0.61636   0.61636   0.61636
   0.61636   0.61636   0.61636   0.61636   0.61636   0.61636   0.61636   0.61636
   0.61636   0.61636   0.61636   0.61636   0.61636   0.61636   0.61636   0.61636
   0.61636   0.61636   0.61636   0.61636   0.61636   0.61636   0.61636   0.61636
   0.61636   0.61636   0.61636   0.61636
  DUST 5 ext
   0.07955   0.07955   0.07955   0.07955   0.07955   0.07955   0.07955   0.07955
   0.07955   0.07955   0.07955   0.07955   0.07955   0.07955   0.07955   0.07955
   0.07955   0.07955   0.07955   0.07955   0.07955   0.07955   0.07955   0.07955
   0.07955   0.07955   0.07955   0.07955   0.07955   0.07955   0.07955   0.07955
   0.07955   0.07955   0.07955   0.07955
   0.08415   0.08415   0.08415   0.08415   0.08415   0.08415   0.08415   0.08415
   0.08415   0.08415   0.08415   0.08415   0.08415   0.08415   0.08415   0.08415
   0.08415   0.08415   0.08415   0.08415   0.08415   0.08415   0.08415   0.08415
   0.08415   0.08415   0.08415   0.08415   0.08415   0.08415   0.08415   0.08415
   0.08415   0.08415   0.08415   0.08415
   0.08391   0.08391   0.08391   0.08391   0.08391   0.08391   0.08391   0.08391
   0.08391   0.08391   0.08391   0.08391   0.08391   0.08391   0.08391   0.08391
   0.08391   0.08391   0.08391   0.08391   0.08391   0.08391   0.08391   0.08391
   0.08391   0.08391   0.08391   0.08391   0.08391   0.08391   0.08391   0.08391
   0.08391   0.08391   0.08391   0.08391
   0.08391   0.08391   0.08391   0.08391   0.08391   0.08391   0.08391   0.08391
   0.08391   0.08391   0.08391   0.08391   0.08391   0.08391   0.08391   0.08391
   0.08391   0.08391   0.08391   0.08391   0.08391   0.08391   0.08391   0.08391
   0.08391   0.08391   0.08391   0.08391   0.08391   0.08391   0.08391   0.08391
   0.08391   0.08391   0.08391   0.08391
   0.08549   0.08549   0.08549   0.08549   0.08549   0.08549   0.08549   0.08549
   0.08549   0.08549   0.08549   0.08549   0.08549   0.08549   0.08549   0.08549
   0.08549   0.08549   0.08549   0.08549   0.08549   0.08549   0.08549   0.08549
   0.08549   0.08549   0.08549   0.08549   0.08549   0.08549   0.08549   0.08549
   0.08549   0.08549   0.08549   0.08549
   0.09879   0.09879   0.09879   0.09879   0.09879   0.09879   0.09879   0.09879
   0.09879   0.09879   0.09879   0.09879   0.09879   0.09879   0.09879   0.09879
   0.09879   0.09879   0.09879   0.09879   0.09879   0.09879   0.09879   0.09879
   0.09879   0.09879   0.09879   0.09879   0.09879   0.09879   0.09879   0.09879
   0.09879   0.09879   0.09879   0.09879
   0.11320   0.11320   0.11320   0.11320   0.11320   0.11320   0.11320   0.11320
   0.11320   0.11320   0.11320   0.11320   0.11320   0.11320   0.11320   0.11320
   0.11320   0.11320   0.11320   0.11320   0.11320   0.11320   0.11320   0.11320
   0.11320   0.11320   0.11320   0.11320   0.11320   0.11320   0.11320   0.11320
   0.11320   0.11320   0.11320   0.11320
  DUST 5 sca
   0.04580   0.04580   0.04580   0.04580   0.04580   0.04580   0.04580   0.04580
   0.04580   0.04580   0.04580   0.04580   0.04580   0.04580   0.04580   0.04580
   0.04580   0.04580   0.04580   0.04580   0.04580   0.04580   0.04580   0.04580
   0.04580   0.04580   0.04580   0.04580   0.04580   0.04580   0.04580   0.04580
   0.04580   0.04580   0.04580   0.04580
   0.05618   0.05618   0.05618   0.05618   0.05618   0.05618   0.05618   0.05618
   0.05618   0.05618   0.05618   0.05618   0.05618   0.05618   0.05618   0.05618
   0.05618   0.05618   0.05618   0.05618   0.05618   0.05618   0.05618   0.05618
   0.05618   0.05618   0.05618   0.05618   0.05618   0.05618   0.05618   0.05618
   0.05618   0.05618   0.05618   0.05618
   0.06277   0.06277   0.06277   0.06277   0.06277   0.06277   0.06277   0.06277
   0.06277   0.06277   0.06277   0.06277   0.06277   0.06277   0.06277   0.06277
   0.06277   0.06277   0.06277   0.06277   0.06277   0.06277   0.06277   0.06277
   0.06277   0.06277   0.06277   0.06277   0.06277   0.06277   0.06277   0.06277
   0.06277   0.06277   0.06277   0.06277
   0.06440   0.06440   0.06440   0.06440   0.06440   0.06440   0.06440   0.06440
   0.06440   0.06440   0.06440   0.06440   0.06440   0.06440   0.06440   0.06440
   0.06440   0.06440   0.06440   0.06440   0.06440   0.06440   0.06440   0.06440
   0.06440   0.06440   0.06440   0.06440   0.06440   0.06440   0.06440   0.06440
   0.06440   0.06440   0.06440   0.06440
   0.07023   0.07023   0.07023   0.07023   0.07023   0.07023   0.07023   0.07023
   0.07023   0.07023   0.07023   0.07023   0.07023   0.07023   0.07023   0.07023
   0.07023   0.07023   0.07023   0.07023   0.07023   0.07023   0.07023   0.07023
   0.07023   0.07023   0.07023   0.07023   0.07023   0.07023   0.07023   0.07023
   0.07023   0.07023   0.07023   0.07023
   0.08133   0.08133   0.08133   0.08133   0.08133   0.08133   0.08133   0.08133
   0.08133   0.08133   0.08133   0.08133   0.08133   0.08133   0.08133   0.08133
   0.08133   0.08133   0.08133   0.08133   0.08133   0.08133   0.08133   0.08133
   0.08133   0.08133   0.08133   0.08133   0.08133   0.08133   0.08133   0.08133
   0.08133   0.08133   0.08133   0.08133
   0.06091   0.06091   0.06091   0.06091   0.06091   0.06091   0.06091   0.06091
   0.06091   0.06091   0.06091   0.06091   0.06091   0.06091   0.06091   0.06091
   0.06091   0.06091   0.06091   0.06091   0.06091   0.06091   0.06091   0.06091
   0.06091   0.06091   0.06091   0.06091   0.06091   0.06091   0.06091   0.06091
   0.06091   0.06091   0.06091   0.06091
  DUST 5 asy
   0.94741   0.94741   0.94741   0.94741   0.94741   0.94741   0.94741   0.94741
   0.94741   0.94741   0.94741   0.94741   0.94741   0.94741   0.94741   0.94741
   0.94741   0.94741   0.94741   0.94741   0.94741   0.94741   0.94741   0.94741
   0.94741   0.94741   0.94741   0.94741   0.94741   0.94741   0.94741   0.94741
   0.94741   0.94741   0.94741   0.94741
   0.91727   0.91727   0.91727   0.91727   0.91727   0.91727   0.91727   0.91727
   0.91727   0.91727   0.91727   0.91727   0.91727   0.91727   0.91727   0.91727
   0.91727   0.91727   0.91727   0.91727   0.91727   0.91727   0.91727   0.91727
   0.91727   0.91727   0.91727   0.91727   0.91727   0.91727   0.91727   0.91727
   0.91727   0.91727   0.91727   0.91727
   0.88035   0.88035   0.88035   0.88035   0.88035   0.88035   0.88035   0.88035
   0.88035   0.88035   0.88035   0.88035   0.88035   0.88035   0.88035   0.88035
   0.88035   0.88035   0.88035   0.88035   0.88035   0.88035   0.88035   0.88035
   0.88035   0.88035   0.88035   0.88035   0.88035   0.88035   0.88035   0.88035
   0.88035   0.88035   0.88035   0.88035
   0.87232   0.87232   0.87232   0.87232   0.87232   0.87232   0.87232   0.87232
   0.87232   0.87232   0.87232   0.87232   0.87232   0.87232   0.87232   0.87232
   0.87232   0.87232   0.87232   0.87232   0.87232   0.87232   0.87232   0.87232
   0.87232   0.87232   0.87232   0.87232   0.87232   0.87232   0.87232   0.87232
   0.87232   0.87232   0.87232   0.87232
   0.84813   0.84813   0.84813   0.84813   0.84813   0.84813   0.84813   0.84813
   0.84813   0.84813   0.84813   0.84813   0.84813   0.84813   0.84813   0.84813
   0.84813   0.84813   0.84813   0.84813   0.84813   0.84813   0.84813   0.84813
   0.84813   0.84813   0.84813   0.84813   0.84813   0.84813   0.84813   0.84813
   0.84813   0.84813   0.84813   0.84813
   0.83733   0.83733   0.83733   0.83733   0.83733   0.83733   0.83733   0.83733
   0.83733   0.83733   0.83733   0.83733   0.83733   0.83733   0.83733   0.83733
   0.83733   0.83733   0.83733   0.83733   0.83733   0.83733   0.83733   0.83733
   0.83733   0.83733   0.83733   0.83733   0.83733   0.83733   0.83733   0.83733
   0.83733   0.83733   0.83733   0.83733
   0.80437   0.80437   0.80437   0.80437   0.80437   0.80437   0.80437   0.80437
   0.80437   0.80437   0.80437   0.80437   0.80437   0.80437   0.80437   0.80437
   0.80437   0.80437   0.80437   0.80437   0.80437   0.80437   0.80437   0.80437
   0.80437   0.80437   0.80437   0.80437   0.80437   0.80437   0.80437   0.80437
   0.80437   0.80437   0.80437   0.80437
  DUST 5 ssa
   0.57570   0.57570   0.57570   0.57570   0.57570   0.57570   0.57570   0.57570
   0.57570   0.57570   0.57570   0.57570   0.57570   0.57570   0.57570   0.57570
   0.57570   0.57570   0.57570   0.57570   0.57570   0.57570   0.57570   0.57570
   0.57570   0.57570   0.57570   0.57570   0.57570   0.57570   0.57570   0.57570
   0.57570   0.57570   0.57570   0.57570
   0.67084   0.67084   0.67084   0.67084   0.67084   0.67084   0.67084   0.67084
   0.67084   0.67084   0.67084   0.67084   0.67084   0.67084   0.67084   0.67084
   0.67084   0.67084   0.67084   0.67084   0.67084   0.67084   0.67084   0.67084
   0.67084   0.67084   0.67084   0.67084   0.67084   0.67084   0.67084   0.67084
   0.67084   0.67084   0.67084   0.67084
   0.75274   0.75274   0.75274   0.75274   0.75274   0.75274   0.75274   0.75274
   0.75274   0.75274   0.75274   0.75274   0.75274   0.75274   0.75274   0.75274
   0.75274   0.75274   0.75274   0.75274   0.75274   0.75274   0.75274   0.75274
   0.75274   0.75274   0.75274   0.75274   0.75274   0.75274   0.75274   0.75274
   0.75274   0.75274   0.75274   0.75274
   0.76747   0.76747   0.76747   0.76747   0.76747   0.76747   0.76747   0.76747
   0.76747   0.76747   0.76747   0.76747   0.76747   0.76747   0.76747   0.76747
   0.76747   0.76747   0.76747   0.76747   0.76747   0.76747   0.76747   0.76747
   0.76747   0.76747   0.76747   0.76747   0.76747   0.76747   0.76747   0.76747
   0.76747   0.76747   0.76747   0.76747
   0.82177   0.82177   0.82177   0.82177   0.82177   0.82177   0.82177   0.82177
   0.82177   0.82177   0.82177   0.82177   0.82177   0.82177   0.82177   0.82177
   0.82177   0.82177   0.82177   0.82177   0.82177   0.82177   0.82177   0.82177
   0.82177   0.82177   0.82177   0.82177   0.82177   0.82177   0.82177   0.82177
   0.82177   0.82177   0.82177   0.82177
   0.82324   0.82324   0.82324   0.82324   0.82324   0.82324   0.82324   0.82324
   0.82324   0.82324   0.82324   0.82324   0.82324   0.82324   0.82324   0.82324
   0.82324   0.82324   0.82324   0.82324   0.82324   0.82324   0.82324   0.82324
   0.82324   0.82324   0.82324   0.82324   0.82324   0.82324   0.82324   0.82324
   0.82324   0.82324   0.82324   0.82324
   0.53810   0.53810   0.53810   0.53810   0.53810   0.53810   0.53810   0.53810
   0.53810   0.53810   0.53810   0.53810   0.53810   0.53810   0.53810   0.53810
   0.53810   0.53810   0.53810   0.53810   0.53810   0.53810   0.53810   0.53810
   0.53810   0.53810   0.53810   0.53810   0.53810   0.53810   0.53810   0.53810
   0.53810   0.53810   0.53810   0.53810
