1
3
GFSPRS
0
ncep_nco
v2003
local_tab_yes1
fcst
oper
fcst
fcst
hour
nws_ncep
gfs_avn
complex_packing_spatial_diff
2nd_ord_sptdiff
fltng_pnt
lossless
13
TMP_ON_ISOBARIC_SFC
?
1
tmpl4_0
TMP
?
?
isobaric_sfc
0
?
56
7170. 7520. 7900. 8280. 8700. 9120. 9570. 10040. 10530. 11050. 11600. 12170. 12770. 13400. 14060. 14750. 15470. 16240. 17040. 17870. 18750. 19680. 20650. 21660. 22730. 23840. 25000. 26200. 27450. 28740. 30090. 31490. 32930. 34430. 35990. 37600. 39270. 41000. 42790. 44650. 46560. 48550. 50600. 52720. 54920. 57180. 59520. 61940. 64440. 67020. 69680. 72430. 75260. 78190. 81200. 84310.
?
0
?
0
?
?
?
0
0.0
0
0.0
?
0
0.0
0
0.0
1
4.0
0
0
0
?
?
?
18
UGRD_ON_ISOBARIC_SFC
?
1
tmpl4_0
UGRD
?
?
isobaric_sfc
0
?
56
7170. 7520. 7900. 8280. 8700. 9120. 9570. 10040. 10530. 11050. 11600. 12170. 12770. 13400. 14060. 14750. 15470. 16240. 17040. 17870. 18750. 19680. 20650. 21660. 22730. 23840. 25000. 26200. 27450. 28740. 30090. 31490. 32930. 34430. 35990. 37600. 39270. 41000. 42790. 44650. 46560. 48550. 50600. 52720. 54920. 57180. 59520. 61940. 64440. 67020. 69680. 72430. 75260. 78190. 81200. 84310.
?
0
?
0
?
?
?
0
0.0
0
0.0
?
0
0.0
0
0.0
1
4.0
0
0
0
?
?
?
19
VGRD_ON_ISOBARIC_SFC
?
1
tmpl4_0
VGRD
?
?
isobaric_sfc
0
?
56
7170. 7520. 7900. 8280. 8700. 9120. 9570. 10040. 10530. 11050. 11600. 12170. 12770. 13400. 14060. 14750. 15470. 16240. 17040. 17870. 18750. 19680. 20650. 21660. 22730. 23840. 25000. 26200. 27450. 28740. 30090. 31490. 32930. 34430. 35990. 37600. 39270. 41000. 42790. 44650. 46560. 48550. 50600. 52720. 54920. 57180. 59520. 61940. 64440. 67020. 69680. 72430. 75260. 78190. 81200. 84310.
?
0
?
0
?
?
?
0
0.0
0
0.0
?
0
0.0
0
0.0
1
4.0
0
0
0
?
?
?
